-3.69685e-16,0,0,0,0,0,0,0,0,0,0,0,0,0,0,0,0,0,0,0,0,0,0,0,0,0,0,0,0,0,0,0,0,0
1.40915e-15,3.22702e-15,6.75239e-16,2.15097e-18,0,0,0,0,0,0,0,0,0,0,0,0,0,0,0,0,0,0,0,0,0,0,0,0,0,0,0,0,0,0
1.40842e-15,3.0424e-15,3.06157e-15,1.38507e-15,4.23943e-17,1.27091e-19,0,0,0,0,0,0,0,0,0,0,0,0,0,0,0,0,0,0,0,0,0,0,0,0,0,0,0,0
1.21357e-15,2.53243e-15,3.00566e-15,2.78835e-15,2.07187e-15,1.68e-16,2.54623e-18,7.41375e-21,2.05132e-24,0,0,0,0,0,0,0,0,0,0,0,0,0,0,0,0,0,0,0,0,0,0,0,0,0
1.04427e-15,2.3139e-15,2.37311e-15,3.0404e-15,2.48649e-15,2.66103e-15,4.07005e-16,1.47429e-17,1.53063e-19,4.38198e-22,2.41398e-25,0,0,0,0,0,0,0,0,0,0,0,0,0,0,0,0,0,0,0,0,0,0,0
9.91569e-16,2.41129e-15,2.23575e-15,2.34962e-15,3.08299e-15,2.21918e-15,3.08923e-15,7.64771e-16,5.05316e-17,1.13358e-18,9.26238e-21,2.6227e-23,2.05691e-26,1.95629e-30,0,0,0,0,0,0,0,0,0,0,0,0,0,0,0,0,0,0,0,0
1.03985e-15,2.61051e-15,2.51089e-15,2.22775e-15,2.39329e-15,3.08979e-15,2.03901e-15,3.31926e-15,1.2225e-15,1.28434e-16,5.02036e-18,8.15484e-20,5.6432e-22,1.58563e-24,1.55036e-27,3.44841e-31,0,0,0,0,0,0,0,0,0,0,0,0,0,0,0,0,0,0
1.1139e-15,2.70971e-15,2.76102e-15,2.59408e-15,2.22119e-15,2.47897e-15,3.03755e-15,1.97805e-15,3.34673e-15,1.73974e-15,2.67982e-16,1.62095e-17,4.39546e-19,5.64887e-21,3.45881e-23,9.6633e-26,1.10003e-28,3.92061e-32,1.86567e-36,0,0,0,0,0,0,0,0,0,0,0,0,0,0,0
1.14708e-15,2.65854e-15,2.75092e-15,2.83173e-15,2.63176e-15,2.20908e-15,2.5918e-15,2.92154e-15,2.04223e-15,3.19999e-15,2.26109e-15,4.84801e-16,4.2135e-17,1.72164e-18,3.55618e-20,3.82303e-22,2.13078e-24,5.92696e-27,7.54419e-30,3.67031e-33,4.38183e-37,0,0,0,0,0,0,0,0,0,0,0,0,0
1.12526e-15,2.54512e-15,2.56845e-15,2.71279e-15,2.85807e-15,2.63213e-15,2.20005e-15,2.71574e-15,2.75408e-15,2.21129e-15,2.93368e-15,2.72607e-15,7.85593e-16,9.33445e-17,5.37636e-18,1.63304e-19,2.72953e-21,2.54848e-23,1.31834e-25,3.65434e-28,5.0675e-31,3.08399e-34,6.24775e-38,1.77924e-42,0,0,0,0,0,0,0,0,0,0
1.08199e-15,2.48441e-15,2.43353e-15,2.46722e-15,2.66409e-15,2.8679e-15,2.60443e-15,2.20542e-15,2.83167e-15,2.56102e-15,2.4443e-15,2.61765e-15,3.08029e-15,1.1643e-15,1.82639e-16,1.41572e-17,5.95609e-19,1.432e-20,2.01917e-22,1.6815e-24,8.18678e-27,2.2629e-29,3.35839e-32,2.42252e-35,7.02609e-39,5.22136e-43,0,0,0,0,0,0,0,0
1.05942e-15,2.5167e-15,2.46209e-15,2.38681e-15,2.39866e-15,2.63029e-15,2.87244e-15,2.55564e-15,2.23482e-15,2.9195e-15,2.37592e-15,2.68912e-15,2.32338e-15,3.28568e-15,1.60048e-15,3.23194e-16,3.26023e-17,1.82044e-18,5.96603e-20,1.18626e-21,1.45418e-23,1.10151e-25,5.09999e-28,1.40639e-30,2.20558e-33,1.81902e-36,6.87044e-40,8.96171e-44,1.69681e-48,0,0,0,0,0
1.07206e-15,2.59228e-15,2.59033e-15,2.51668e-15,2.3893e-15,2.36012e-15,2.61638e-15,2.87333e-15,2.49225e-15,2.29382e-15,2.96186e-15,2.23261e-15,2.8938e-15,2.11069e-15,3.32778e-15,2.06058e-15,5.25852e-16,6.73251e-17,4.83387e-18,2.07638e-19,5.54612e-21,9.41702e-23,1.02648e-24,7.17856e-27,3.18576e-29,8.76782e-32,1.43934e-34,1.3232e-37,6.13106e-41,1.17901e-44,5.9737e-49,0,0,0
1.10115e-15,2.63448e-15,2.67656e-15,2.67955e-15,2.5901e-15,2.41114e-15,2.34064e-15,2.62082e-15,2.86788e-15,2.42185e-15,2.38239e-15,2.94801e-15,2.15775e-15,3.01736e-15,2.01731e-15,3.21852e-15,2.50213e-15,7.96047e-16,1.26919e-16,1.14377e-17,6.25149e-19,2.16379e-20,4.87008e-22,7.23475e-24,7.13512e-26,4.66063e-28,1.99476e-30,5.48073e-33,9.35074e-36,9.40476e-39,5.13292e-42,1.31887e-45,1.19934e-49,1.61821e-54
1.11766e-15,2.61184e-15,2.64764e-15,2.70445e-15,2.73655e-15,2.65254e-15,2.43367e-15,2.33223e-15,2.64054e-15,2.85187e-15,2.35354e-15,2.49425e-15,2.87672e-15,2.16487e-15,3.03792e-15,2.05324e-15,2.99403e-15,2.88026e-15,1.13102e-15,2.21312e-16,2.45667e-17,1.66968e-18,7.28468e-20,2.10251e-21,4.08993e-23,5.41702e-25,4.9004e-27,3.01739e-29,1.25163e-31,3.43395e-34,6.05482e-37,6.56896e-40,4.10162e-43,1.32235e-46
1.10929e-15,2.55685e-15,2.55177e-15,2.59169e-15,2.68018e-15,2.75945e-15,2.69669e-15,2.44856e-15,2.33105e-15,2.67202e-15,2.82135e-15,2.29746e-15,2.61731e-15,2.75744e-15,2.25127e-15,2.95644e-15,2.20083e-15,2.70775e-15,3.15534e-15,1.51806e-15,3.60513e-16,4.85684e-17,4.03061e-18,2.1689e-19,7.82316e-21,1.93277e-22,3.31467e-24,3.9734e-26,3.33356e-28,1.9494e-30,7.8681e-33,2.15594e-35,3.91115e-38,4.52475e-41
1.08805e-15,2.5253e-15,2.49093e-15,2.47715e-15,2.51667e-15,2.6321e-15,2.76103e-15,2.7245e-15,2.4533e-15,2.33628e-15,2.71125e-15,2.7738e-15,2.26356e-15,2.73539e-15,2.6092e-15,2.39832e-15,2.7955e-15,2.42029e-15,2.42034e-15,3.30033e-15,1.93431e-15,5.52802e-16,8.9328e-17,8.92029e-18,5.81774e-19,2.56919e-20,7.87001e-22,1.69896e-23,2.60992e-25,2.8662e-27,2.25027e-29,1.2574e-31,4.95428e-34,1.35454e-36
1.07533e-15,2.54227e-15,2.517e-15,2.47457e-15,2.43587e-15,2.45475e-15,2.58167e-15,2.75355e-15,2.73987e-15,2.44811e-15,2.34881e-15,2.75351e-15,2.70908e-15,2.25992e-15,2.83089e-15,2.45746e-15,2.57524e-15,2.59362e-15,2.65937e-15,2.1883e-15,3.30627e-15,2.34861e-15,8.0262e-16,1.5412e-16,1.83008e-17,1.42618e-18,7.58374e-20,2.82515e-21,7.50668e-23,1.43962e-24,2.00677e-26,2.03929e-28,1.50946e-30,8.08592e-33
1.08135e-15,2.58459e-15,2.59202e-15,2.56942e-15,2.50926e-15,2.43318e-15,2.41502e-15,2.53919e-15,2.74501e-15,2.7459e-15,2.43446e-15,2.37022e-15,2.79331e-15,2.63004e-15,2.29101e-15,2.88813e-15,2.32935e-15,2.74555e-15,2.39637e-15,2.86495e-15,2.05363e-15,3.18465e-15,2.72515e-15,1.10852e-15,2.51089e-16,3.51121e-17,3.23151e-18,2.04091e-19,9.1009e-21,2.92262e-22,6.85181e-24,1.18322e-25,1.51277e-27,1.43071e-29
1.09772e-15,2.60935e-15,2.63777e-15,2.65427e-15,2.63842e-15,2.56786e-15,2.45585e-15,2.39437e-15,2.5077e-15,2.73962e-15,2.74434e-15,2.41456e-15,2.40198e-15,2.82465e-15,2.54259e-15,2.35634e-15,2.89657e-15,2.24833e-15,2.87461e-15,2.24636e-15,2.99428e-15,2.03659e-15,2.96618e-15,3.02865e-15,1.46165e-15,3.88306e-16,6.34446e-17,6.82918e-18,5.06458e-19,2.66804e-20,1.02006e-21,2.87363e-23,6.02776e-25,9.44653e-27
1.10789e-15,2.59603e-15,2.61485e-15,2.6472e-15,2.68301e-15,2.69061e-15,2.62686e-15,2.48925e-15,2.38621e-15,2.48685e-15,2.73903e-15,2.73578e-15,2.39113e-15,2.44481e-15,2.84164e-15,2.4553e-15,2.44983e-15,2.85335e-15,2.2294e-15,2.93688e-15,2.17426e-15,3.0234e-15,2.13278e-15,2.69586e-15,3.23008e-15,1.84519e-15,5.72453e-16,1.08584e-16,1.35597e-17,1.16955e-18,7.19879e-20,3.23576e-21,1.07981e-22,2.69576e-24
1.10332e-15,2.56216e-15,2.55413e-15,2.56719e-15,2.60867e-15,2.67127e-15,2.71546e-15,2.67448e-15,2.52329e-15,2.38453e-15,2.47528e-15,2.74335e-15,2.72011e-15,2.36743e-15,2.49814e-15,2.83928e-15,2.37838e-15,2.56012e-15,2.76446e-15,2.27579e-15,2.92114e-15,2.19262e-15,2.95122e-15,2.31529e-15,2.42526e-15,3.31198e-15,2.23514e-15,8.07248e-16,1.76846e-16,2.54487e-17,2.5323e-18,1.80419e-19,9.43304e-21,3.66663e-22
1.0902e-15,2.54205e-15,2.51817e-15,2.50169e-15,2.50586e-15,2.5485e-15,2.63287e-15,2.71675e-15,2.70805e-15,2.5526e-15,2.38508e-15,2.47166e-15,2.75175e-15,2.69696e-15,2.34709e-15,2.55982e-15,2.81435e-15,2.32222e-15,2.67202e-15,2.64429e-15,2.37808e-15,2.83269e-15,2.29387e-15,2.79862e-15,2.54113e-15,2.2035e-15,3.27218e-15,2.60249e-15,1.09188e-15,2.75143e-16,4.53706e-17,5.17282e-18,4.23201e-19,2.53707e-20
1.08183e-15,2.55287e-15,2.53826e-15,2.51299e-15,2.48199e-15,2.4644e-15,2.49185e-15,2.5845e-15,2.70307e-15,2.72945e-15,2.57501e-15,2.38537e-15,2.4751e-15,2.76276e-15,2.6661e-15,2.33393e-15,2.62598e-15,2.76627e-15,2.2956e-15,2.76877e-15,2.51336e-15,2.51585e-15,2.69196e-15,2.4527e-15,2.60291e-15,2.76069e-15,2.06857e-15,3.12524e-15,2.91673e-15,1.41975e-15,4.10235e-16,7.71582e-17,1.00206e-17,9.2991e-19
1.08545e-15,2.58077e-15,2.5887e-15,2.58121e-15,2.55202e-15,2.50258e-15,2.45402e-15,2.45172e-15,2.53789e-15,2.68251e-15,2.74207e-15,2.59008e-15,2.38426e-15,2.48507e-15,2.77447e-15,2.6278e-15,2.3316e-15,2.6912e-15,2.69764e-15,2.30398e-15,2.8349e-15,2.39479e-15,2.66161e-15,2.53e-15,2.63217e-15,2.40905e-15,2.92817e-15,2.04069e-15,2.90088e-15,3.15013e-15,1.7778e-15,5.87704e-16,1.25592e-16,1.83938e-17
1.09626e-15,2.59752e-15,2.6179e-15,2.63343e-15,2.63519e-15,2.60967e-15,2.54883e-15,2.47001e-15,2.43049e-15,2.49887e-15,2.66085e-15,2.74909e-15,2.59814e-15,2.38155e-15,2.50131e-15,2.78462e-15,2.58308e-15,2.3431e-15,2.74901e-15,2.61437e-15,2.34812e-15,2.85912e-15,2.31001e-15,2.78635e-15,2.38169e-15,2.7921e-15,2.2596e-15,3.01084e-15,2.11906e-15,2.63979e-15,3.28225e-15,2.14682e-15,8.10573e-16,1.95413e-16
1.10331e-15,2.58852e-15,2.60021e-15,2.6204e-15,2.64674e-15,2.66732e-15,2.65975e-15,2.60211e-15,2.50183e-15,2.42478e-15,2.46898e-15,2.64161e-15,2.75295e-15,2.5997e-15,2.37775e-15,2.52358e-15,2.79077e-15,2.53394e-15,2.37032e-15,2.79261e-15,2.52528e-15,2.42338e-15,2.83666e-15,2.27457e-15,2.86538e-15,2.27826e-15,2.89798e-15,2.18562e-15,2.99526e-15,2.28268e-15,2.38716e-15,3.30348e-15,2.50165e-15,1.07578e-15
1.10036e-15,2.56501e-15,2.55745e-15,2.56155e-15,2.58248e-15,2.62119e-15,2.66642e-15,2.68856e-15,2.64919e-15,2.53957e-15,2.42941e-15,2.44751e-15,2.62657e-15,2.75521e-15,2.59528e-15,2.37382e-15,2.55147e-15,2.79044e-15,2.48334e-15,2.41348e-15,2.81589e-15,2.44108e-15,2.51994e-15,2.77055e-15,2.29499e-15,2.88342e-15,2.24069e-15,2.92828e-15,2.2004e-15,2.88921e-15,2.49455e-15,2.18381e-15,3.21548e-15,2.81918e-15
1.09125e-15,2.55078e-15,2.53314e-15,2.51883e-15,2.51405e-15,2.52895e-15,2.5722e-15,2.63842e-15,2.69438e-15,2.68399e-15,2.5764e-15,2.43953e-15,2.43282e-15,2.61649e-15,2.75666e-15,2.58536e-15,2.37107e-15,2.58422e-15,2.78142e-15,2.43516e-15,2.47087e-15,2.81444e-15,2.37295e-15,2.62395e-15,2.67152e-15,2.36723e-15,2.83771e-15,2.27542e-15,2.87861e-15,2.29665e-15,2.71751e-15,2.70815e-15,2.06839e-15,3.05476e-15
1.08522e-15,2.55842e-15,2.54882e-15,2.53236e-15,2.51002e-15,2.48943e-15,2.48638e-15,2.51999e-15,2.59588e-15,2.68218e-15,2.70572e-15,2.60862e-15,2.45143e-15,2.42322e-15,2.6115e-15,2.75749e-15,2.57037e-15,2.37101e-15,2.62056e-15,2.762e-15,2.39383e-15,2.53866e-15,2.78649e-15,2.33081e-15,2.71958e-15,2.55645e-15,2.47729e-15,2.73839e-15,2.37242e-15,2.76025e-15,2.44901e-15,2.52899e-15,2.897e-15,2.04118e-15
1.08768e-15,2.57857e-15,2.58566e-15,2.5837e-15,2.56845e-15,2.53806e-15,2.4984e-15,2.46859e-15,2.47889e-15,2.5505e-15,2.65896e-15,2.7165e-15,2.63482e-15,2.46261e-15,2.4173e-15,2.61144e-15,2.75742e-15,2.55086e-15,2.37525e-15,2.65862e-15,2.7313e-15,2.36394e-15,2.61106e-15,2.7336e-15,2.32153e-15,2.79151e-15,2.44519e-15,2.60264e-15,2.60444e-15,2.50983e-15,2.61374e-15,2.63444e-15,2.33937e-15,2.99295e-15
1.09549e-15,2.59087e-15,2.60631e-15,2.61938e-15,2.62567e-15,2.61747e-15,2.58686e-15,2.53368e-15,2.47628e-15,2.4549e-15,2.50999e-15,2.63096e-15,2.71941e-15,2.65499e-15,2.47154e-15,2.41409e-15,2.61601e-15,2.75585e-15,2.52753e-15,2.38529e-15,2.69598e-15,2.68957e-15,2.34963e-15,2.68086e-15,2.66081e-15,2.34714e-15,2.82629e-15,2.3555e-15,2.72157e-15,2.4788e-15,2.66359e-15,2.43876e-15,2.79173e-15,2.23119e-15
1.10073e-15,2.58427e-15,2.59231e-15,2.60597e-15,2.62499e-15,2.6444e-15,2.65293e-15,2.63509e-15,2.58078e-15,2.50258e-15,2.44773e-15,2.47797e-15,2.6027e-15,2.71749e-15,2.66977e-15,2.47744e-15,2.41306e-15,2.62477e-15,2.75193e-15,2.50137e-15,2.4024e-15,2.72972e-15,2.63835e-15,2.35383e-15,2.73958e-15,2.57475e-15,2.40329e-15,2.8231e-15,2.31951e-15,2.80923e-15,2.34909e-15,2.79569e-15,2.31951e-15,2.88648e-15
1.09863e-15,2.56674e-15,2.56014e-15,2.56072e-15,2.57197e-15,2.596e-15,2.62992e-15,2.66139e-15,2.66784e-15,2.62648e-15,2.53862e-15,2.45376e-15,2.45508e-15,2.57693e-15,2.71323e-15,2.67997e-15,2.47997e-15,2.41404e-15,2.63722e-15,2.74474e-15,2.47371e-15,2.42734e-15,2.75645e-15,2.57975e-15,2.37599e-15,2.77911e-15,2.49456e-15,2.4976e-15,2.77088e-15,2.30482e-15,2.86008e-15,2.28483e-15,2.86477e-15,2.25761e-15
1.09184e-15,2.55599e-15,2.54233e-15,2.5304e-15,2.52344e-15,2.52735e-15,2.54894e-15,2.59082e-15,2.64347e-15,2.67962e-15,2.6625e-15,2.5768e-15,2.4684e-15,2.44025e-15,2.555e-15,2.70847e-15,2.68636e-15,2.47913e-15,2.41714e-15,2.65271e-15,2.73325e-15,2.4459e-15,2.45921e-15,2.77106e-15,2.51879e-15,2.42655e-15,2.80626e-15,2.41034e-15,2.58139e-15,2.70461e-15,2.34914e-15,2.84072e-15,2.28287e-15,2.87575e-15
1.08723e-15,2.56175e-15,2.55491e-15,2.54339e-15,2.52709e-15,2.50929e-15,2.49811e-15,2.50581e-15,2.54321e-15,2.60797e-15,2.67218e-15,2.68559e-15,2.61205e-15,2.48748e-15,2.43169e-15,2.53737e-15,2.70444e-15,2.6895e-15,2.47511e-15,2.4226e-15,2.66996e-15,2.71534e-15,2.41815e-15,2.50011e-15,2.78423e-15,2.46832e-15,2.47218e-15,2.79079e-15,2.3728e-15,2.66476e-15,2.60511e-15,2.43813e-15,2.77328e-15,2.33226e-15
1.08904e-15,2.57718e-15,2.58332e-15,2.58364e-15,2.57526e-15,2.5561e-15,2.52738e-15,2.49705e-15,2.48162e-15,2.50146e-15,2.56565e-15,2.65092e-15,2.69618e-15,2.64172e-15,2.50779e-15,2.42751e-15,2.52399e-15,2.70183e-15,2.68961e-15,2.46765e-15,2.42932e-15,2.68666e-15,2.69547e-15,2.40728e-15,2.54905e-15,2.7578e-15,2.42052e-15,2.55485e-15,2.74177e-15,2.35552e-15,2.73856e-15,2.50298e-15,2.54396e-15,2.67542e-15
1.09502e-15,2.5867e-15,2.59888e-15,2.60978e-15,2.61695e-15,2.61583e-15,2.60068e-15,2.56798e-15,2.52211e-15,2.48093e-15,2.47399e-15,2.52523e-15,2.62198e-15,2.69662e-15,2.66504e-15,2.52716e-15,2.42598e-15,2.51433e-15,2.70021e-15,2.68514e-15,2.45683e-15,2.44536e-15,2.71581e-15,2.66555e-15,2.37697e-15,2.60587e-15,2.74002e-15,2.3738e-15,2.63618e-15,2.67742e-15,2.36843e-15,2.78151e-15,2.41915e-15,2.65088e-15
1.09912e-15,2.5816e-15,2.58751e-15,2.59734e-15,2.61142e-15,2.62754e-15,2.63978e-15,2.63854e-15,2.61371e-15,2.5626e-15,2.50027e-15,2.46318e-15,2.49209e-15,2.59058e-15,2.68989e-15,2.68229e-15,2.54395e-15,2.42478e-15,2.50633e-15,2.70052e-15,2.68605e-15,2.4554e-15,2.45426e-15,2.71941e-15,2.6443e-15,2.37344e-15,2.646e-15,2.70865e-15,2.35246e-15,2.70601e-15,2.60013e-15,2.41184e-15,2.79188e-15,2.35549e-15
1.09753e-15,2.56788e-15,2.56218e-15,2.56126e-15,2.56753e-15,2.58293e-15,2.6072e-15,2.63519e-15,2.65494e-15,2.64952e-15,2.60617e-15,2.5323e-15,2.46722e-15,2.46841e-15,2.56029e-15,2.67842e-15,2.69315e-15,2.55595e-15,2.42549e-15,2.51163e-15,2.71063e-15,2.66693e-15,2.4343e-15,2.48899e-15,2.72945e-15,2.60108e-15,2.38616e-15,2.68665e-15,2.65818e-15,2.35881e-15,2.75564e-15,2.52554e-15,2.46833e-15,2.7822e-15
1.09222e-15,2.55939e-15,2.54843e-15,2.53845e-15,2.53132e-15,2.53062e-15,2.54113e-15,2.56657e-15,2.6055e-15,2.64654e-15,2.6673e-15,2.64327e-15,2.56933e-15,2.48208e-15,2.45348e-15,2.53181e-15,2.66349e-15,2.70334e-15,2.57598e-15,2.4296e-15,2.49816e-15,2.71125e-15,2.67071e-15,2.4135e-15,2.513e-15,2.74364e-15,2.55605e-15,2.40406e-15,2.72707e-15,2.5913e-15,2.39743e-15,2.77091e-15,2.47112e-15,2.53015e-15
1.08855e-15,2.56394e-15,2.55877e-15,2.55028e-15,2.53803e-15,2.5235e-15,2.51107e-15,2.50827e-15,2.52396e-15,2.56309e-15,2.61866e-15,2.66587e-15,2.66843e-15,2.60446e-15,2.50193e-15,2.44567e-15,2.51287e-15,2.65985e-15,2.70868e-15,2.56853e-15,2.43166e-15,2.51392e-15,2.70442e-15,2.66117e-15,2.40406e-15,2.53908e-15,2.74688e-15,2.51764e-15,2.42508e-15,2.76507e-15,2.51196e-15,2.46388e-15,2.76014e-15,2.4167e-15
1.08995e-15,2.57623e-15,2.58154e-15,2.58285e-15,2.57816e-15,2.56567e-15,2.54516e-15,2.51989e-15,2.49853e-15,2.49469e-15,2.52149e-15,2.58014e-15,2.64776e-15,2.67878e-15,2.63474e-15,2.53199e-15,2.4544e-15,2.4903e-15,2.63337e-15,2.72023e-15,2.58082e-15,2.41795e-15,2.5286e-15,2.70754e-15,2.64386e-15,2.39512e-15,2.57417e-15,2.73528e-15,2.48808e-15,2.45166e-15,2.78801e-15,2.4466e-15,2.51967e-15,2.76373e-15
1.09472e-15,2.58388e-15,2.59381e-15,2.60296e-15,2.60991e-15,2.6118e-15,2.60466e-15,2.5849e-15,2.55229e-15,2.5138e-15,2.48568e-15,2.48942e-15,2.53868e-15,2.62092e-15,2.68634e-15,2.66641e-15,2.54825e-15,2.44673e-15,2.48858e-15,2.62484e-15,2.71171e-15,2.59256e-15,2.4108e-15,2.54007e-15,2.71153e-15,2.626e-15,2.38563e-15,2.61487e-15,2.71496e-15,2.45667e-15,2.5041e-15,2.76367e-15,2.42985e-15,2.55315e-15
1.09803e-15,2.57979e-15,2.58435e-15,2.59175e-15,2.6025e-15,2.61557e-15,2.6277e-15,2.63295e-15,2.62367e-15,2.59391e-15,2.54563e-15,2.49567e-15,2.47574e-15,2.51277e-15,2.594e-15,2.66593e-15,2.67664e-15,2.58589e-15,2.44883e-15,2.47132e-15,2.62636e-15,2.70593e-15,2.5952e-15,2.40701e-15,2.55364e-15,2.71402e-15,2.60435e-15,2.38573e-15,2.64477e-15,2.70602e-15,2.40475e-15,2.59032e-15,2.70944e-15,2.40577e-15
1.09678e-15,2.56868e-15,2.56374e-15,2.56217e-15,2.56567e-15,2.57585e-15,2.59319e-15,2.61553e-15,2.63633e-15,2.6448e-15,2.63013e-15,2.58932e-15,2.53116e-15,2.47728e-15,2.47387e-15,2.56064e-15,2.66541e-15,2.67853e-15,2.60484e-15,2.46329e-15,2.4565e-15,2.62509e-15,2.70491e-15,2.59149e-15,2.40629e-15,2.56539e-15,2.72292e-15,2.56626e-15,2.41152e-15,2.65138e-15,2.70338e-15,2.37016e-15,2.63766e-15,2.70516e-15
1.09247e-15,2.56175e-15,2.55271e-15,2.54427e-15,2.53756e-15,2.53483e-15,2.53923e-15,2.55381e-15,2.57986e-15,2.61508e-15,2.64998e-15,2.66178e-15,2.6244e-15,2.55156e-15,2.4943e-15,2.47034e-15,2.51962e-15,2.6511e-15,2.68782e-15,2.61669e-15,2.47452e-15,2.44962e-15,2.62067e-15,2.7091e-15,2.57823e-15,2.41596e-15,2.56616e-15,2.74474e-15,2.51368e-15,2.44453e-15,2.67721e-15,2.64396e-15,2.40858e-15,2.6488e-15
1.08946e-15,2.56545e-15,2.56139e-15,2.55485e-15,2.54526e-15,2.53312e-15,2.52067e-15,2.51305e-15,2.51887e-15,2.54527e-15,2.58594e-15,2.62354e-15,2.65426e-15,2.66148e-15,2.59397e-15,2.50303e-15,2.47277e-15,2.49443e-15,2.62911e-15,2.69264e-15,2.63022e-15,2.4787e-15,2.45139e-15,2.61086e-15,2.7222e-15,2.55202e-15,2.43577e-15,2.56704e-15,2.75026e-15,2.49399e-15,2.43407e-15,2.74378e-15,2.57181e-15,2.40623e-15
1.09059e-15,2.57555e-15,2.58013e-15,2.58171e-15,2.57863e-15,2.56933e-15,2.55396e-15,2.53623e-15,2.5207e-15,2.50705e-15,2.5025e-15,2.53651e-15,2.60302e-15,2.64377e-15,2.66574e-15,2.6362e-15,2.52437e-15,2.4753e-15,2.47621e-15,2.61051e-15,2.68938e-15,2.64731e-15,2.47458e-15,2.46171e-15,2.59763e-15,2.73608e-15,2.53155e-15,2.43466e-15,2.60792e-15,2.70689e-15,2.50268e-15,2.44769e-15,2.73398e-15,2.5764e-15
1.09449e-15,2.58181e-15,2.58988e-15,2.59708e-15,2.60251e-15,2.60554e-15,2.60583e-15,2.59866e-15,2.5728e-15,2.53249e-15,2.50869e-15,2.50104e-15,2.49869e-15,2.55819e-15,2.63068e-15,2.66089e-15,2.66466e-15,2.55078e-15,2.48405e-15,2.4593e-15,2.59819e-15,2.67977e-15,2.66532e-15,2.46852e-15,2.46743e-15,2.60238e-15,2.72122e-15,2.54566e-15,2.40345e-15,2.65648e-15,2.69587e-15,2.44042e-15,2.52906e-15,2.72723e-15
1.09715e-15,2.57812e-15,2.58105e-15,2.58591e-15,2.5948e-15,2.60938e-15,2.62398e-15,2.62555e-15,2.61678e-15,2.61204e-15,2.5834e-15,2.52532e-15,2.5031e-15,2.48754e-15,2.515e-15,2.60565e-15,2.65038e-15,2.68362e-15,2.57492e-15,2.49861e-15,2.4449e-15,2.58754e-15,2.67412e-15,2.66965e-15,2.48076e-15,2.44641e-15,2.63841e-15,2.68867e-15,2.54444e-15,2.42649e-15,2.6358e-15,2.71769e-15,2.421e-15,2.51718e-15
1.09572e-15,2.56794e-15,2.56284e-15,2.56221e-15,2.56862e-15,2.57756e-15,2.58223e-15,2.59551e-15,2.62752e-15,2.63886e-15,2.62777e-15,2.62458e-15,2.56697e-15,2.51612e-15,2.48916e-15,2.48468e-15,2.57536e-15,2.6338e-15,2.69437e-15,2.59773e-15,2.51111e-15,2.44228e-15,2.56495e-15,2.68873e-15,2.64876e-15,2.50898e-15,2.42718e-15,2.64595e-15,2.71215e-15,2.48432e-15,2.46539e-15,2.67369e-15,2.64045e-15,2.44115e-15
1.0911e-15,2.5614e-15,2.5558e-15,2.55328e-15,2.54714e-15,2.53455e-15,2.53571e-15,2.55744e-15,2.56702e-15,2.58829e-15,2.63477e-15,2.63679e-15,2.64683e-15,2.60991e-15,2.54336e-15,2.49998e-15,2.46832e-15,2.54394e-15,2.61665e-15,2.69219e-15,2.62714e-15,2.50992e-15,2.45917e-15,2.52991e-15,2.70807e-15,2.64229e-15,2.4941e-15,2.46508e-15,2.61537e-15,2.7206e-15,2.49663e-15,2.4267e-15,2.71479e-15,2.65272e-15
1.08827e-15,2.56753e-15,2.56867e-15,2.56113e-15,2.54443e-15,2.53872e-15,2.53896e-15,2.51797e-15,2.51847e-15,2.54138e-15,2.54677e-15,2.60306e-15,2.62871e-15,2.65499e-15,2.64125e-15,2.57908e-15,2.51609e-15,2.46806e-15,2.50957e-15,2.60723e-15,2.6734e-15,2.66359e-15,2.50365e-15,2.46917e-15,2.52526e-15,2.68258e-15,2.68079e-15,2.45951e-15,2.46902e-15,2.66476e-15,2.66402e-15,2.48672e-15,2.49362e-15,2.68261e-15
1.09314e-15,2.58078e-15,2.5801e-15,2.57402e-15,2.58042e-15,2.58122e-15,2.55553e-15,2.54852e-15,2.53565e-15,2.50372e-15,2.52022e-15,2.51327e-15,2.56361e-15,2.60179e-15,2.65131e-15,2.65545e-15,2.6188e-15,2.5314e-15,2.48442e-15,2.474e-15,2.60082e-15,2.6565e-15,2.67736e-15,2.5308e-15,2.43769e-15,2.55454e-15,2.66229e-15,2.66548e-15,2.49937e-15,2.43549e-15,2.6684e-15,2.70604e-15,2.43299e-15,2.48336e-15
1.09981e-15,2.57917e-15,2.58063e-15,2.59788e-15,2.60501e-15,2.59478e-15,2.60814e-15,2.59803e-15,2.5728e-15,2.56859e-15,2.51828e-15,2.51792e-15,2.49157e-15,2.53102e-15,2.56241e-15,2.63916e-15,2.65172e-15,2.65661e-15,2.54772e-15,2.50328e-15,2.45816e-15,2.57014e-15,2.67225e-15,2.65454e-15,2.56987e-15,2.43147e-15,2.52406e-15,2.70805e-15,2.63544e-15,2.47217e-15,2.49758e-15,2.65488e-15,2.6498e-15,2.47458e-15
1.09334e-15,2.57183e-15,2.5866e-15,2.58708e-15,2.58358e-15,2.60871e-15,2.60755e-15,2.61437e-15,2.6298e-15,2.60253e-15,2.60687e-15,2.54959e-15,2.53791e-15,2.48496e-15,2.51237e-15,2.52096e-15,2.61842e-15,2.64034e-15,2.67589e-15,2.58238e-15,2.49977e-15,2.47735e-15,2.52158e-15,2.68136e-15,2.66947e-15,2.54384e-15,2.4733e-15,2.5082e-15,2.67634e-15,2.68318e-15,2.45384e-15,2.45807e-15,2.71409e-15,2.65918e-15
1.09226e-15,2.57721e-15,2.56423e-15,2.55766e-15,2.57428e-15,2.56298e-15,2.58009e-15,2.59741e-15,2.60057e-15,2.6362e-15,2.61957e-15,2.63935e-15,2.58481e-15,2.57206e-15,2.4964e-15,2.50443e-15,2.49387e-15,2.58009e-15,2.64027e-15,2.66298e-15,2.63422e-15,2.49454e-15,2.47882e-15,2.52508e-15,2.63323e-15,2.70862e-15,2.55172e-15,2.43188e-15,2.55351e-15,2.68079e-15,2.62354e-15,2.48429e-15,2.50626e-15,2.66543e-15
1.10023e-15,2.55994e-15,2.5553e-15,2.56068e-15,2.53715e-15,2.54848e-15,2.54193e-15,2.54365e-15,2.56824e-15,2.57029e-15,2.61763e-15,2.61643e-15,2.65402e-15,2.61717e-15,2.60413e-15,2.53072e-15,2.49597e-15,2.49433e-15,2.52612e-15,2.6419e-15,2.65318e-15,2.64759e-15,2.5417e-15,2.44001e-15,2.5341e-15,2.63926e-15,2.66625e-15,2.59302e-15,2.44753e-15,2.49948e-15,2.70961e-15,2.66038e-15,2.42424e-15,2.49457e-15
1.08357e-15,2.56814e-15,2.57099e-15,2.55071e-15,2.56342e-15,2.54079e-15,2.53887e-15,2.53213e-15,2.52035e-15,2.53722e-15,2.53679e-15,2.58069e-15,2.59917e-15,2.64151e-15,2.6463e-15,2.61944e-15,2.58343e-15,2.49203e-15,2.50054e-15,2.49944e-15,2.59968e-15,2.68304e-15,2.63074e-15,2.56927e-15,2.46878e-15,2.47646e-15,2.65543e-15,2.69672e-15,2.54242e-15,2.46037e-15,2.55344e-15,2.66833e-15,2.61665e-15,2.47771e-15
1.09588e-15,2.57746e-15,2.56983e-15,2.5905e-15,2.57038e-15,2.5821e-15,2.5642e-15,2.55585e-15,2.54146e-15,2.52296e-15,2.51753e-15,2.51735e-15,2.53445e-15,2.57928e-15,2.60391e-15,2.6642e-15,2.62781e-15,2.62017e-15,2.52672e-15,2.47613e-15,2.51318e-15,2.55129e-15,2.67029e-15,2.67813e-15,2.54375e-15,2.48293e-15,2.5052e-15,2.59954e-15,2.69855e-15,2.59884e-15,2.42477e-15,2.51642e-15,2.72642e-15,2.63474e-15
1.09263e-15,2.57405e-15,2.59494e-15,2.58028e-15,2.60642e-15,2.59196e-15,2.60729e-15,2.59203e-15,2.59091e-15,2.56443e-15,2.55282e-15,2.51421e-15,2.52072e-15,2.49496e-15,2.55568e-15,2.5677e-15,2.64419e-15,2.65687e-15,2.6179e-15,2.58381e-15,2.47389e-15,2.48278e-15,2.56819e-15,2.62398e-15,2.68263e-15,2.60353e-15,2.44627e-15,2.48533e-15,2.65054e-15,2.6758e-15,2.55027e-15,2.47142e-15,2.55928e-15,2.67106e-15
1.09561e-15,2.58335e-15,2.56908e-15,2.59466e-15,2.5774e-15,2.60636e-15,2.59431e-15,2.62173e-15,2.60607e-15,2.62623e-15,2.58915e-15,2.59601e-15,2.53224e-15,2.53466e-15,2.4893e-15,2.51361e-15,2.55864e-15,2.5908e-15,2.67501e-15,2.63848e-15,2.58462e-15,2.52985e-15,2.45197e-15,2.53052e-15,2.65809e-15,2.6568e-15,2.59218e-15,2.50633e-15,2.46795e-15,2.59327e-15,2.71573e-15,2.5911e-15,2.41713e-15,2.53076e-15
1.09742e-15,2.56302e-15,2.57702e-15,2.5528e-15,2.57754e-15,2.55582e-15,2.58825e-15,2.57266e-15,2.6147e-15,2.59898e-15,2.64097e-15,2.61151e-15,2.62464e-15,2.57915e-15,2.5399e-15,2.52277e-15,2.47552e-15,2.53848e-15,2.57395e-15,2.62842e-15,2.68545e-15,2.59926e-15,2.52082e-15,2.49706e-15,2.49449e-15,2.60907e-15,2.71031e-15,2.60395e-15,2.45469e-15,2.49371e-15,2.63916e-15,2.66906e-15,2.54588e-15,2.47007e-15
1.09067e-15,2.57244e-15,2.55031e-15,2.56628e-15,2.53691e-15,2.55923e-15,2.53099e-15,2.56174e-15,2.54205e-15,2.58407e-15,2.58164e-15,2.6185e-15,2.63364e-15,2.62287e-15,2.63467e-15,2.55845e-15,2.54209e-15,2.4983e-15,2.48122e-15,2.57142e-15,2.61108e-15,2.65141e-15,2.66235e-15,2.53664e-15,2.45727e-15,2.52429e-15,2.60763e-15,2.65372e-15,2.6328e-15,2.51187e-15,2.45125e-15,2.59165e-15,2.71778e-15,2.5877e-15
1.09256e-15,2.56272e-15,2.57386e-15,2.5523e-15,2.56817e-15,2.53932e-15,2.55375e-15,2.52578e-15,2.53771e-15,2.52744e-15,2.53683e-15,2.56788e-15,2.56945e-15,2.63471e-15,2.62166e-15,2.64322e-15,2.62059e-15,2.53856e-15,2.52738e-15,2.48591e-15,2.50354e-15,2.62056e-15,2.65516e-15,2.63122e-15,2.59222e-15,2.48721e-15,2.45736e-15,2.60273e-15,2.70938e-15,2.60921e-15,2.46441e-15,2.4924e-15,2.64191e-15,2.67322e-15
1.09188e-15,2.57715e-15,2.57262e-15,2.58559e-15,2.57291e-15,2.58219e-15,2.56682e-15,2.5612e-15,2.5523e-15,2.52512e-15,2.53805e-15,2.50151e-15,2.54501e-15,2.54144e-15,2.58364e-15,2.63905e-15,2.62331e-15,2.64962e-15,2.59662e-15,2.50782e-15,2.50824e-15,2.50352e-15,2.54678e-15,2.66833e-15,2.67598e-15,2.56007e-15,2.49236e-15,2.50686e-15,2.56863e-15,2.65345e-15,2.65171e-15,2.5196e-15,2.45169e-15,2.58629e-15
1.09119e-15,2.57938e-15,2.58376e-15,2.58861e-15,2.59283e-15,2.60008e-15,2.59253e-15,2.60699e-15,2.57523e-15,2.59403e-15,2.54157e-15,2.54967e-15,2.51708e-15,2.50206e-15,2.5415e-15,2.533e-15,2.60357e-15,2.64844e-15,2.62594e-15,2.63508e-15,2.56591e-15,2.47104e-15,2.50065e-15,2.56414e-15,2.60879e-15,2.6679e-15,2.63545e-15,2.48964e-15,2.44348e-15,2.58718e-15,2.70716e-15,2.62154e-15,2.46252e-15,2.48074e-15
1.10234e-15,2.57046e-15,2.58421e-15,2.57473e-15,2.59489e-15,2.58092e-15,2.61362e-15,2.59017e-15,2.62839e-15,2.59955e-15,2.61209e-15,2.59626e-15,2.5515e-15,2.55902e-15,2.49978e-15,2.50583e-15,2.54015e-15,2.54174e-15,2.62458e-15,2.66571e-15,2.6166e-15,2.59189e-15,2.5336e-15,2.45727e-15,2.51772e-15,2.64781e-15,2.6681e-15,2.59194e-15,2.52079e-15,2.49701e-15,2.54905e-15,2.64579e-15,2.65071e-15,2.52885e-15
1.08527e-15,2.58067e-15,2.55606e-15,2.57805e-15,2.55123e-15,2.58296e-15,2.55788e-15,2.59427e-15,2.58605e-15,2.60433e-15,2.62876e-15,2.6043e-15,2.63685e-15,2.59165e-15,2.56203e-15,2.555e-15,2.4876e-15,2.50522e-15,2.55324e-15,2.56578e-15,2.64109e-15,2.67853e-15,2.5917e-15,2.51953e-15,2.50822e-15,2.50809e-15,2.57137e-15,2.67954e-15,2.66428e-15,2.50798e-15,2.43359e-15,2.56361e-15,2.70983e-15,2.64408e-15
1.10527e-15,2.55358e-15,2.57524e-15,2.54275e-15,2.56555e-15,2.53758e-15,2.55346e-15,2.54861e-15,2.54534e-15,2.58103e-15,2.56259e-15,2.61472e-15,2.61788e-15,2.61591e-15,2.64729e-15,2.58833e-15,2.55853e-15,2.54538e-15,2.48e-15,2.50343e-15,2.58418e-15,2.60824e-15,2.64061e-15,2.65832e-15,2.56011e-15,2.45565e-15,2.49743e-15,2.61436e-15,2.66022e-15,2.61341e-15,2.53503e-15,2.49714e-15,2.55055e-15,2.64011e-15
1.07948e-15,2.58031e-15,2.55572e-15,2.5724e-15,2.55442e-15,2.55319e-15,2.55464e-15,2.52615e-15,2.5529e-15,2.51687e-15,2.5448e-15,2.55621e-15,2.55239e-15,2.61714e-15,2.61421e-15,2.62331e-15,2.65163e-15,2.5837e-15,2.53671e-15,2.53191e-15,2.48742e-15,2.50978e-15,2.62122e-15,2.66405e-15,2.62014e-15,2.57642e-15,2.52482e-15,2.47879e-15,2.53606e-15,2.66767e-15,2.68679e-15,2.53889e-15,2.42859e-15,2.53034e-15
1.09947e-15,2.56844e-15,2.57954e-15,2.5807e-15,2.57154e-15,2.59021e-15,2.55528e-15,2.58188e-15,2.54292e-15,2.54235e-15,2.5438e-15,2.5035e-15,2.54224e-15,2.5387e-15,2.54755e-15,2.62064e-15,2.62178e-15,2.62311e-15,2.64789e-15,2.57756e-15,2.50088e-15,2.51094e-15,2.52388e-15,2.54604e-15,2.6379e-15,2.68939e-15,2.59663e-15,2.47483e-15,2.47909e-15,2.58547e-15,2.65979e-15,2.62693e-15,2.53107e-15,2.49065e-15
1.09423e-15,2.57388e-15,2.59047e-15,2.57424e-15,2.60743e-15,2.57766e-15,2.61001e-15,2.59097e-15,2.58412e-15,2.59898e-15,2.54714e-15,2.56021e-15,2.53741e-15,2.49788e-15,2.53711e-15,2.53441e-15,2.54559e-15,2.62734e-15,2.64217e-15,2.61604e-15,2.62234e-15,2.56897e-15,2.47469e-15,2.4849e-15,2.5773e-15,2.62963e-15,2.63338e-15,2.6161e-15,2.55185e-15,2.4772e-15,2.50676e-15,2.63739e-15,2.69414e-15,2.57759e-15
1.08688e-15,2.58802e-15,2.56248e-15,2.59643e-15,2.57041e-15,2.59684e-15,2.59808e-15,2.58906e-15,2.62701e-15,2.59319e-15,2.61155e-15,2.60966e-15,2.55781e-15,2.56927e-15,2.53767e-15,2.49061e-15,2.52911e-15,2.54605e-15,2.55158e-15,2.63026e-15,2.6691e-15,2.61094e-15,2.56434e-15,2.54135e-15,2.4931e-15,2.49596e-15,2.60567e-15,2.69591e-15,2.63765e-15,2.50182e-15,2.45898e-15,2.55645e-15,2.66928e-15,2.65238e-15
1.10881e-15,2.55614e-15,2.58059e-15,2.55806e-15,2.56577e-15,2.57681e-15,2.55418e-15,2.5972e-15,2.57616e-15,2.59616e-15,2.62706e-15,2.59767e-15,2.62587e-15,2.62199e-15,2.56404e-15,2.56697e-15,2.54217e-15,2.48328e-15,2.51524e-15,2.57097e-15,2.58026e-15,2.62334e-15,2.67243e-15,2.61416e-15,2.50481e-15,2.4808e-15,2.53864e-15,2.59644e-15,2.62946e-15,2.63157e-15,2.57589e-15,2.49703e-15,2.49991e-15,2.60377e-15
1.08159e-15,2.57454e-15,2.56198e-15,2.55107e-15,2.56944e-15,2.53199e-15,2.5649e-15,2.54416e-15,2.54367e-15,2.5807e-15,2.55746e-15,2.59089e-15,2.62627e-15,2.60013e-15,2.62959e-15,2.63535e-15,2.56716e-15,2.54859e-15,2.54323e-15,2.49011e-15,2.4999e-15,2.59118e-15,2.63826e-15,2.6254e-15,2.61763e-15,2.58602e-15,2.50205e-15,2.46438e-15,2.5559e-15,2.68123e-15,2.67837e-15,2.5421e-15,2.44186e-15,2.51074e-15
1.09336e-15,2.57463e-15,2.55424e-15,2.58275e-15,2.54329e-15,2.56715e-15,2.55233e-15,2.52987e-15,2.55841e-15,2.52472e-15,2.53079e-15,2.56673e-15,2.54247e-15,2.57955e-15,2.62868e-15,2.60764e-15,2.62223e-15,2.64273e-15,2.57598e-15,2.51613e-15,2.52448e-15,2.52038e-15,2.51562e-15,2.5902e-15,2.67772e-15,2.65482e-15,2.55071e-15,2.48884e-15,2.51236e-15,2.57482e-15,2.62525e-15,2.63016e-15,2.57661e-15,2.51233e-15
1.10193e-15,2.55862e-15,2.59365e-15,2.56481e-15,2.58254e-15,2.5858e-15,2.55604e-15,2.58466e-15,2.55418e-15,2.53551e-15,2.56002e-15,2.51622e-15,2.51808e-15,2.55702e-15,2.53866e-15,2.56375e-15,2.6323e-15,2.62934e-15,2.60916e-15,2.6269e-15,2.58804e-15,2.49754e-15,2.4817e-15,2.54398e-15,2.59054e-15,2.61148e-15,2.63813e-15,2.62732e-15,2.5407e-15,2.46134e-15,2.50437e-15,2.63944e-15,2.70166e-15,2.60104e-15
1.07914e-15,2.58993e-15,2.57509e-15,2.5811e-15,2.60377e-15,2.57362e-15,2.60761e-15,2.59672e-15,2.57411e-15,2.60558e-15,2.56617e-15,2.54378e-15,2.56409e-15,2.52063e-15,2.50172e-15,2.5479e-15,2.55099e-15,2.5534e-15,2.62553e-15,2.66018e-15,2.61342e-15,2.57923e-15,2.56727e-15,2.51654e-15,2.47525e-15,2.53466e-15,2.64792e-15,2.68134e-15,2.60124e-15,2.50357e-15,2.48629e-15,2.55555e-15,2.63704e-15,2.64427e-15
1.10358e-15,2.57663e-15,2.56533e-15,2.59819e-15,2.56449e-15,2.59503e-15,2.60057e-15,2.57865e-15,2.62105e-15,2.60696e-15,2.5879e-15,2.62066e-15,2.58716e-15,2.54647e-15,2.56369e-15,2.53475e-15,2.48897e-15,2.5279e-15,2.57321e-15,2.57321e-15,2.60635e-15,2.66426e-15,2.6403e-15,2.5456e-15,2.49487e-15,2.51634e-15,2.55248e-15,2.58503e-15,2.62745e-15,2.64369e-15,2.58457e-15,2.49273e-15,2.48154e-15,2.58266e-15
1.1008e-15,2.55551e-15,2.58743e-15,2.55205e-15,2.56794e-15,2.57986e-15,2.55095e-15,2.58745e-15,2.59089e-15,2.57201e-15,2.62041e-15,2.6181e-15,2.59304e-15,2.62558e-15,2.61254e-15,2.54977e-15,2.54673e-15,2.54668e-15,2.49926e-15,2.50011e-15,2.57785e-15,2.62611e-15,2.61811e-15,2.61952e-15,2.61847e-15,2.55617e-15,2.47414e-15,2.48166e-15,2.59111e-15,2.68464e-15,2.65698e-15,2.53821e-15,2.4587e-15,2.50905e-15
1.0778e-15,2.58256e-15,2.5568e-15,2.55404e-15,2.57283e-15,2.53563e-15,2.55563e-15,2.56412e-15,2.5303e-15,2.57083e-15,2.58007e-15,2.55996e-15,2.60631e-15,2.63176e-15,2.59924e-15,2.61542e-15,2.63006e-15,2.56899e-15,2.5166e-15,2.53008e-15,2.53036e-15,2.51184e-15,2.55738e-15,2.64765e-15,2.6719e-15,2.60284e-15,2.52621e-15,2.5066e-15,2.53044e-15,2.56936e-15,2.61183e-15,2.63175e-15,2.59618e-15,2.52757e-15
1.10203e-15,2.57067e-15,2.55405e-15,2.58579e-15,2.54764e-15,2.55721e-15,2.57117e-15,2.52652e-15,2.5486e-15,2.55442e-15,2.51786e-15,2.54494e-15,2.57637e-15,2.55215e-15,2.58325e-15,2.63818e-15,2.6241e-15,2.59849e-15,2.61751e-15,2.59396e-15,2.51443e-15,2.48323e-15,2.52959e-15,2.576e-15,2.5913e-15,2.61772e-15,2.64595e-15,2.6111e-15,2.51527e-15,2.45896e-15,2.52064e-15,2.646e-15,2.69663e-15,2.60768e-15
1.09778e-15,2.55674e-15,2.59604e-15,2.56683e-15,2.5724e-15,2.59632e-15,2.55792e-15,2.56841e-15,2.58157e-15,2.53552e-15,2.53899e-15,2.55892e-15,2.51504e-15,2.5183e-15,2.56636e-15,2.56594e-15,2.56251e-15,2.62362e-15,2.65572e-15,2.61306e-15,2.57524e-15,2.57282e-15,2.54228e-15,2.48702e-15,2.49796e-15,2.59051e-15,2.66907e-15,2.65335e-15,2.57035e-15,2.50452e-15,2.50481e-15,2.56003e-15,2.62208e-15,2.6353e-15
1.07799e-15,2.59044e-15,2.57772e-15,2.57216e-15,2.60637e-15,2.58038e-15,2.58384e-15,2.61569e-15,2.57707e-15,2.57681e-15,2.60144e-15,2.55525e-15,2.5325e-15,2.55669e-15,2.53322e-15,2.49757e-15,2.53964e-15,2.58535e-15,2.58119e-15,2.59538e-15,2.64885e-15,2.64986e-15,2.57267e-15,2.50789e-15,2.50927e-15,2.53996e-15,2.56123e-15,2.5909e-15,2.63455e-15,2.64108e-15,2.57492e-15,2.48883e-15,2.48117e-15,2.57501e-15
1.10399e-15,2.58128e-15,2.55768e-15,2.59813e-15,2.57594e-15,2.57089e-15,2.61302e-15,2.58514e-15,2.58709e-15,2.62589e-15,2.60184e-15,2.58026e-15,2.61042e-15,2.58907e-15,2.53219e-15,2.53712e-15,2.54891e-15,2.51251e-15,2.50574e-15,2.57259e-15,2.62624e-15,2.61919e-15,2.6088e-15,2.6177e-15,2.59292e-15,2.51581e-15,2.46761e-15,2.51716e-15,2.62407e-15,2.6822e-15,2.63413e-15,2.52871e-15,2.46853e-15,2.51366e-15
1.10368e-15,2.55124e-15,2.58571e-15,2.56571e-15,2.55039e-15,2.58637e-15,2.56645e-15,2.55697e-15,2.59939e-15,2.59267e-15,2.57433e-15,2.6218e-15,2.62762e-15,2.58927e-15,2.5988e-15,2.61363e-15,2.55986e-15,2.51031e-15,2.52637e-15,2.54323e-15,2.52549e-15,2.54265e-15,2.61781e-15,2.67033e-15,2.63451e-15,2.55795e-15,2.51409e-15,2.51915e-15,2.54462e-15,2.57544e-15,2.61128e-15,2.62825e-15,2.59672e-15,2.53432e-15
1.07684e-15,2.57645e-15,2.57191e-15,2.54244e-15,2.57172e-15,2.56003e-15,2.53066e-15,2.56814e-15,2.56166e-15,2.53292e-15,2.57587e-15,2.5946e-15,2.57101e-15,2.59444e-15,2.64218e-15,2.61975e-15,2.58534e-15,2.59686e-15,2.59161e-15,2.52676e-15,2.48494e-15,2.51849e-15,2.57383e-15,2.59163e-15,2.60053e-15,2.62708e-15,2.63604e-15,2.57995e-15,2.4935e-15,2.4685e-15,2.54385e-15,2.65448e-15,2.68872e-15,2.60511e-15
1.09524e-15,2.58443e-15,2.54571e-15,2.57833e-15,2.57359e-15,2.53673e-15,2.5688e-15,2.562e-15,2.52356e-15,2.5457e-15,2.56142e-15,2.52664e-15,2.53589e-15,2.58911e-15,2.58541e-15,2.57517e-15,2.61795e-15,2.65279e-15,2.61245e-15,2.56489e-15,2.55997e-15,2.5554e-15,2.51186e-15,2.49144e-15,2.54638e-15,2.63685e-15,2.67003e-15,2.62091e-15,2.54291e-15,2.50094e-15,2.51811e-15,2.57164e-15,2.62201e-15,2.62931e-15
1.10673e-15,2.5551e-15,2.58242e-15,2.58943e-15,2.55859e-15,2.58281e-15,2.59124e-15,2.55193e-15,2.56176e-15,2.58168e-15,2.53478e-15,2.52289e-15,2.55651e-15,2.5407e-15,2.51363e-15,2.54986e-15,2.60311e-15,2.59756e-15,2.59238e-15,2.62779e-15,2.64766e-15,2.59164e-15,2.5185e-15,2.49939e-15,2.532e-15,2.56071e-15,2.57728e-15,2.6039e-15,2.63459e-15,2.6254e-15,2.55823e-15,2.48859e-15,2.49121e-15,2.57631e-15
1.08087e-15,2.57218e-15,2.59877e-15,2.56531e-15,2.58388e-15,2.6111e-15,2.57274e-15,2.58491e-15,2.61594e-15,2.57736e-15,2.56183e-15,2.58819e-15,2.57025e-15,2.51889e-15,2.52602e-15,2.55412e-15,2.53175e-15,2.51876e-15,2.56907e-15,2.63102e-15,2.63005e-15,2.60325e-15,2.59876e-15,2.59921e-15,2.55392e-15,2.49122e-15,2.48388e-15,2.55831e-15,2.65061e-15,2.67499e-15,2.61103e-15,2.51441e-15,2.47124e-15,2.52047e-15
1.0886e-15,2.59646e-15,2.55883e-15,2.57354e-15,2.60206e-15,2.56907e-15,2.57813e-15,2.61415e-15,2.5946e-15,2.57968e-15,2.61748e-15,2.61893e-15,2.57125e-15,2.5755e-15,2.59293e-15,2.55387e-15,2.5046e-15,2.51796e-15,2.55407e-15,2.54994e-15,2.54671e-15,2.59355e-15,2.65611e-15,2.65368e-15,2.58705e-15,2.52192e-15,2.50852e-15,2.53325e-15,2.56398e-15,2.59136e-15,2.61324e-15,2.61705e-15,2.58447e-15,2.53473e-15
1.11175e-15,2.56336e-15,2.55818e-15,2.58667e-15,2.56107e-15,2.55036e-15,2.5894e-15,2.57658e-15,2.55304e-15,2.59824e-15,2.61274e-15,2.58139e-15,2.59727e-15,2.63406e-15,2.61596e-15,2.5675e-15,2.57025e-15,2.57974e-15,2.53933e-15,2.49146e-15,2.50819e-15,2.56998e-15,2.60517e-15,2.60412e-15,2.60646e-15,2.62218e-15,2.6095e-15,2.54783e-15,2.48454e-15,2.48713e-15,2.56957e-15,2.66159e-15,2.67888e-15,2.59758e-15
1.09028e-15,2.54986e-15,2.58778e-15,2.55963e-15,2.53782e-15,2.57672e-15,2.55951e-15,2.52912e-15,2.56212e-15,2.57637e-15,2.54768e-15,2.55593e-15,2.60687e-15,2.60906e-15,2.58257e-15,2.60867e-15,2.6402e-15,2.61385e-15,2.55375e-15,2.53835e-15,2.55025e-15,2.53726e-15,2.50789e-15,2.52513e-15,2.59837e-15,2.6627e-15,2.65477e-15,2.58564e-15,2.51543e-15,2.49705e-15,2.5318e-15,2.59125e-15,2.63159e-15,2.62508e-15
1.0762e-15,2.58661e-15,2.56982e-15,2.54842e-15,2.57765e-15,2.57193e-15,2.53677e-15,2.55317e-15,2.57204e-15,2.53196e-15,2.52231e-15,2.5653e-15,2.56087e-15,2.5351e-15,2.56218e-15,2.61532e-15,2.62041e-15,2.59282e-15,2.60575e-15,2.62895e-15,2.60387e-15,2.5317e-15,2.49218e-15,2.51401e-15,2.56142e-15,2.58672e-15,2.59659e-15,2.60984e-15,2.62198e-15,2.59954e-15,2.54325e-15,2.49493e-15,2.50953e-15,2.5831e-15
