-7.39369e-16,0,0,0,0,0,0,0,0,0,0,0,0,0,0,0,0,0,0,0,0,0,0,0,0,0,0,0,0,0,0,0,0,0
1.06436e-15,-3.21362e-15,-1.18318e-16,0,0,0,0,0,0,0,0,0,0,0,0,0,0,0,0,0,0,0,0,0,0,0,0,0,0,0,0,0,0,0
1.37157e-15,-2.11676e-15,-3.38036e-15,-4.85052e-16,-5.68628e-18,-4.20111e-21,0,0,0,0,0,0,0,0,0,0,0,0,0,0,0,0,0,0,0,0,0,0,0,0,0,0,0,0
1.29857e-15,-2.18005e-15,-2.14427e-15,-3.41447e-15,-1.0049e-15,-4.02109e-17,-3.05901e-19,-3.58996e-22,0,0,0,0,0,0,0,0,0,0,0,0,0,0,0,0,0,0,0,0,0,0,0,0,0,0
1.12139e-15,-2.5911e-15,-2.20211e-15,-2.27708e-15,-3.28051e-15,-1.60454e-15,-1.34048e-16,-2.87239e-18,-1.73092e-20,-2.51356e-23,-4.00649e-27,0,0,0,0,0,0,0,0,0,0,0,0,0,0,0,0,0,0,0,0,0,0,0
1.00602e-15,-2.80739e-15,-2.72506e-15,-2.18393e-15,-2.46492e-15,-3.01794e-15,-2.20451e-15,-3.14066e-16,-1.32196e-17,-1.93727e-19,-1.00806e-21,-1.65811e-24,-5.7712e-28,0,0,0,0,0,0,0,0,0,0,0,0,0,0,0,0,0,0,0,0,0
1.00614e-15,-2.73007e-15,-2.88019e-15,-2.76246e-15,-2.14707e-15,-2.67419e-15,-2.69246e-15,-2.72742e-15,-5.95421e-16,-4.15045e-17,-1.12392e-18,-1.27191e-20,-5.98126e-23,-1.06816e-25,-5.65259e-29,-3.82088e-33,0,0,0,0,0,0,0,0,0,0,0,0,0,0,0,0,0,0
1.07711e-15,-2.53688e-15,-2.64999e-15,-2.89157e-15,-2.74368e-15,-2.12134e-15,-2.86698e-15,-2.37654e-15,-3.11011e-15,-9.75959e-16,-1.02169e-16,-4.43098e-18,-8.78387e-20,-8.23437e-22,-3.59563e-24,-6.80796e-27,-4.71801e-30,-7.74264e-34,0,0,0,0,0,0,0,0,0,0,0,0,0,0,0,0
1.13896e-15,-2.43358e-15,-2.40505e-15,-2.57431e-15,-2.89622e-15,-2.68755e-15,-2.12951e-15,-3.00646e-15,-2.13413e-15,-3.31418e-15,-1.43412e-15,-2.11944e-16,-1.3497e-17,-4.15294e-19,-6.51487e-21,-5.28962e-23,-2.1825e-25,-4.31725e-28,-3.61907e-31,-9.80719e-35,-3.64388e-39,0,0,0,0,0,0,0,0,0,0,0,0,0
1.14429e-15,-2.4836e-15,-2.39411e-15,-2.3355e-15,-2.53321e-15,-2.90516e-15,-2.60431e-15,-2.18477e-15,-3.06517e-15,-2.00883e-15,-3.33201e-15,-1.93089e-15,-3.86454e-16,-3.41197e-17,-1.50914e-18,-3.57245e-20,-4.66734e-22,-3.38279e-24,-1.33465e-26,-2.73145e-29,-2.63968e-32,-1.00081e-35,-9.51904e-40,0,0,0,0,0,0,0,0,0,0,0
1.10443e-15,-2.60145e-15,-2.56352e-15,-2.42352e-15,-2.30627e-15,-2.52395e-15,-2.91448e-15,-2.50404e-15,-2.28902e-15,-3.03145e-15,-2.01683e-15,-3.18711e-15,-2.41564e-15,-6.36095e-16,-7.47984e-17,-4.51253e-18,-1.50595e-19,-2.89517e-21,-3.26422e-23,-2.15773e-25,-8.21006e-28,-1.72659e-30,-1.86381e-33,-9.0236e-37,-1.48158e-40,-3.47507e-45,0,0,0,0,0,0,0,0
1.06477e-15,-2.66553e-15,-2.70398e-15,-2.65701e-15,-2.46716e-15,-2.29465e-15,-2.53992e-15,-2.91599e-15,-2.39955e-15,-2.43255e-15,-2.91241e-15,-2.14566e-15,-2.92869e-15,-2.83472e-15,-9.62092e-16,-1.46369e-16,-1.15979e-17,-5.20193e-19,-1.38515e-20,-2.2471e-22,-2.24371e-24,-1.37428e-26,-5.0747e-29,-1.09124e-31,-1.28723e-34,-7.5168e-38,-1.79317e-41,-1.11142e-45,0,0,0,0,0,0
1.05947e-15,-2.63062e-15,-2.68672e-15,-2.75239e-15,-2.7246e-15,-2.50097e-15,-2.2895e-15,-2.57565e-15,-2.90129e-15,-2.30611e-15,-2.59569e-15,-2.73259e-15,-2.3587e-15,-2.62155e-15,-3.1412e-15,-1.35378e-15,-2.60816e-16,-2.63918e-17,-1.53597e-18,-5.42352e-20,-1.19919e-21,-1.68865e-23,-1.52257e-25,-8.74599e-28,-3.14923e-30,-6.89883e-33,-8.75208e-36,-5.93162e-39,-1.86654e-42,-2.05323e-46,-3.31409e-51,0,0,0
1.08567e-15,-2.54912e-15,-2.56152e-15,-2.63958e-15,-2.75572e-15,-2.76518e-15,-2.51839e-15,-2.28777e-15,-2.62625e-15,-2.86392e-15,-2.23945e-15,-2.75255e-15,-2.52888e-15,-2.6043e-15,-2.33339e-15,-3.30374e-15,-1.78792e-15,-4.29284e-16,-5.43e-17,-3.9925e-18,-1.80948e-19,-5.24084e-21,-9.91233e-23,-1.23792e-24,-1.0232e-26,-5.56397e-29,-1.9609e-31,-4.36364e-34,-5.883e-37,-4.50247e-40,-1.7578e-43,-2.87873e-47,-1.25412e-51,0
1.1138e-15,-2.50425e-15,-2.46937e-15,-2.47654e-15,-2.57193e-15,-2.73842e-15,-2.78711e-15,-2.51955e-15,-2.29072e-15,-2.68617e-15,-2.80091e-15,-2.21289e-15,-2.87619e-15,-2.34268e-15,-2.8273e-15,-2.12201e-15,-3.31286e-15,-2.23051e-15,-6.59527e-16,-1.02575e-16,-9.33273e-18,-5.29415e-19,-1.94878e-20,-4.77404e-22,-7.9018e-24,-8.90037e-26,-6.82452e-28,-3.53936e-30,-1.22448e-32,-2.76181e-35,-3.92069e-38,-3.32045e-41,-1.54223e-44,-3.43571e-48
1.11839e-15,-2.53024e-15,-2.49232e-15,-2.43903e-15,-2.41836e-15,-2.51138e-15,-2.7177e-15,-2.79759e-15,-2.50656e-15,-2.30145e-15,-2.74863e-15,-2.71391e-15,-2.23433e-15,-2.94431e-15,-2.21118e-15,-2.98083e-15,-2.02502e-15,-3.18312e-15,-2.64113e-15,-9.53258e-16,-1.79973e-16,-1.99332e-17,-1.38744e-18,-6.33918e-20,-1.95587e-21,-4.14977e-23,-6.11955e-25,-6.30082e-27,-4.52495e-29,-2.25168e-31,-7.66518e-34,-1.74919e-36,-2.59585e-39,-2.43833e-42
1.09954e-15,-2.59094e-15,-2.58868e-15,-2.54324e-15,-2.45702e-15,-2.39142e-15,-2.46649e-15,-2.70216e-15,-2.80065e-15,-2.48214e-15,-2.32347e-15,-2.80558e-15,-2.60953e-15,-2.30403e-15,-2.9442e-15,-2.15959e-15,-3.03559e-15,-2.05384e-15,-2.9508e-15,-2.97902e-15,-1.30398e-15,-2.95893e-16,-3.93758e-17,-3.30969e-18,-1.84183e-19,-7.00012e-21,-1.85497e-22,-3.4731e-24,-4.62947e-26,-4.40491e-28,-2.98611e-30,-1.43278e-32,-4.80875e-35,-1.13527e-37
1.07828e-15,-2.62466e-15,-2.65451e-15,-2.66133e-15,-2.61443e-15,-2.49963e-15,-2.3858e-15,-2.4368e-15,-2.69505e-15,-2.79769e-15,-2.44943e-15,-2.35959e-15,-2.84838e-15,-2.49884e-15,-2.41368e-15,-2.87581e-15,-2.196e-15,-2.9851e-15,-2.1932e-15,-2.66738e-15,-3.21e-15,-1.69591e-15,-4.58998e-16,-7.2623e-17,-7.27656e-18,-4.85692e-19,-2.23349e-20,-7.23972e-22,-1.67986e-23,-2.81785e-25,-3.43534e-27,-3.04793e-29,-1.96311e-31,-9.3739e-34
1.07437e-15,-2.60438e-15,-2.63161e-15,-2.67311e-15,-2.7051e-15,-2.67612e-15,-2.54711e-15,-2.3906e-15,-2.41925e-15,-2.69681e-15,-2.78839e-15,-2.41217e-15,-2.41102e-15,-2.869e-15,-2.39592e-15,-2.54718e-15,-2.75224e-15,-2.31e-15,-2.84591e-15,-2.40589e-15,-2.39015e-15,-3.31289e-15,-2.10443e-15,-6.75433e-16,-1.25998e-16,-1.48902e-17,-1.17711e-18,-6.45385e-20,-2.51591e-21,-7.09468e-23,-1.46422e-24,-2.22796e-26,-2.50865e-28,-2.15342e-30
1.08876e-15,-2.55691e-15,-2.55477e-15,-2.58232e-15,-2.64369e-15,-2.713e-15,-2.71815e-15,-2.58888e-15,-2.39808e-15,-2.41098e-15,-2.70653e-15,-2.77156e-15,-2.37478e-15,-2.47681e-15,-2.86134e-15,-2.31561e-15,-2.6831e-15,-2.5975e-15,-2.47517e-15,-2.6529e-15,-2.64171e-15,-2.17169e-15,-3.28388e-15,-2.49829e-15,-9.46908e-16,-2.0687e-16,-2.85846e-17,-2.64833e-18,-1.71018e-19,-7.90599e-21,-2.66626e-22,-6.64703e-24,-1.23601e-25,-1.77573e-27
1.10554e-15,-2.53035e-15,-2.50495e-15,-2.49323e-15,-2.51538e-15,-2.58948e-15,-2.69553e-15,-2.74192e-15,-2.62113e-15,-2.40379e-15,-2.41017e-15,-2.72254e-15,-2.74587e-15,-2.34228e-15,-2.55341e-15,-2.82267e-15,-2.27085e-15,-2.79837e-15,-2.44189e-15,-2.65501e-15,-2.45094e-15,-2.84859e-15,-2.05035e-15,-3.13822e-15,-2.84352e-15,-1.269e-15,-3.22983e-16,-5.18078e-17,-5.5763e-18,-4.19783e-19,-2.27439e-20,-9.0512e-22,-2.68463e-23,-6.17059e-25
1.10888e-15,-2.54673e-15,-2.52624e-15,-2.49375e-15,-2.46166e-15,-2.46187e-15,-2.53229e-15,-2.66586e-15,-2.75285e-15,-2.64351e-15,-2.40567e-15,-2.41602e-15,-2.74264e-15,-2.71039e-15,-2.31993e-15,-2.63475e-15,-2.75462e-15,-2.27e-15,-2.87269e-15,-2.31594e-15,-2.81093e-15,-2.28479e-15,-2.98355e-15,-2.04364e-15,-2.90832e-15,-3.10826e-15,-1.63009e-15,-4.81411e-16,-8.91173e-17,-1.10618e-17,-9.62377e-19,-6.05041e-20,-2.80945e-21,-1.00514e-22
1.09745e-15,-2.58518e-15,-2.58927e-15,-2.57209e-15,-2.52825e-15,-2.46828e-15,-2.43321e-15,-2.48417e-15,-2.63378e-15,-2.75643e-15,-2.65701e-15,-2.40323e-15,-2.42841e-15,-2.76416e-15,-2.66506e-15,-2.31262e-15,-2.71274e-15,-2.66357e-15,-2.31485e-15,-2.89256e-15,-2.24418e-15,-2.91041e-15,-2.18943e-15,-3.02125e-15,-2.14571e-15,-2.63876e-15,-3.26811e-15,-2.01132e-15,-6.87224e-16,-1.46119e-16,-2.07875e-17,-2.07471e-18,-1.50082e-19,-8.24378e-21
1.08376e-15,-2.6068e-15,-2.62857e-15,-2.64168e-15,-2.63255e-15,-2.58544e-15,-2.5018e-15,-2.42738e-15,-2.44879e-15,-2.60497e-15,-2.75683e-15,-2.66279e-15,-2.39691e-15,-2.44759e-15,-2.78402e-15,-2.61108e-15,-2.32419e-15,-2.77826e-15,-2.56023e-15,-2.39962e-15,-2.85421e-15,-2.24012e-15,-2.9339e-15,-2.1829e-15,-2.95847e-15,-2.3295e-15,-2.37885e-15,-3.31059e-15,-2.38778e-15,-9.42018e-16,-2.29183e-16,-3.71761e-17,-4.23033e-18,-3.56381e-19
1.08088e-15,-2.59322e-15,-2.6092e-15,-2.63505e-15,-2.66408e-15,-2.6762e-15,-2.6418e-15,-2.54702e-15,-2.4371e-15,-2.42518e-15,-2.58204e-15,-2.75668e-15,-2.66175e-15,-2.38783e-15,-2.47381e-15,-2.79889e-15,-2.55111e-15,-2.35664e-15,-2.8224e-15,-2.45832e-15,-2.51145e-15,-2.76468e-15,-2.30346e-15,-2.8786e-15,-2.26309e-15,-2.81376e-15,-2.55293e-15,-2.17414e-15,-3.23821e-15,-2.73101e-15,-1.24256e-15,-3.44894e-16,-6.35304e-17,-8.31856e-18
1.09025e-15,-2.56126e-15,-2.55633e-15,-2.56719e-15,-2.59897e-15,-2.64797e-15,-2.69099e-15,-2.68404e-15,-2.59243e-15,-2.45486e-15,-2.41056e-15,-2.56578e-15,-2.75736e-15,-2.65444e-15,-2.37752e-15,-2.50702e-15,-2.8054e-15,-2.48925e-15,-2.40948e-15,-2.83808e-15,-2.37261e-15,-2.63219e-15,-2.64083e-15,-2.42012e-15,-2.75872e-15,-2.40896e-15,-2.62245e-15,-2.76797e-15,-2.05849e-15,-3.069e-15,-3.01248e-15,-1.57988e-15,-4.99427e-16,-1.05054e-16
1.10169e-15,-2.5432e-15,-2.52437e-15,-2.51128e-15,-2.51334e-15,-2.54311e-15,-2.60564e-15,-2.67988e-15,-2.70865e-15,-2.63177e-15,-2.47494e-15,-2.40202e-15,-2.55612e-15,-2.75933e-15,-2.6412e-15,-2.36791e-15,-2.54657e-15,-2.80055e-15,-2.43078e-15,-2.47939e-15,-2.82137e-15,-2.3164e-15,-2.74143e-15,-2.50626e-15,-2.56524e-15,-2.60199e-15,-2.58585e-15,-2.42841e-15,-2.93054e-15,-2.04825e-15,-2.8346e-15,-3.20812e-15,-1.94027e-15,-6.99736e-16
1.1042e-15,-2.5547e-15,-2.54187e-15,-2.52094e-15,-2.49556e-15,-2.47869e-15,-2.49216e-15,-2.55428e-15,-2.65206e-15,-2.71793e-15,-2.66284e-15,-2.49365e-15,-2.39716e-15,-2.55266e-15,-2.76233e-15,-2.62224e-15,-2.36112e-15,-2.59107e-15,-2.78208e-15,-2.38171e-15,-2.5602e-15,-2.77265e-15,-2.29917e-15,-2.82013e-15,-2.38679e-15,-2.70834e-15,-2.44339e-15,-2.75353e-15,-2.2742e-15,-3.00941e-15,-2.14014e-15,-2.57733e-15,-3.30399e-15,-2.29845e-15
1.09634e-15,-2.58182e-15,-2.58702e-15,-2.58016e-15,-2.55676e-15,-2.5174e-15,-2.47521e-15,-2.46015e-15,-2.50693e-15,-2.61685e-15,-2.71635e-15,-2.68582e-15,-2.50894e-15,-2.39437e-15,-2.55493e-15,-2.76565e-15,-2.5979e-15,-2.35938e-15,-2.63823e-15,-2.74894e-15,-2.348e-15,-2.64343e-15,-2.69705e-15,-2.32455e-15,-2.85421e-15,-2.30545e-15,-2.81978e-15,-2.31741e-15,-2.87536e-15,-2.19273e-15,-2.994e-15,-2.31306e-15,-2.33232e-15,-3.27682e-15
1.0866e-15,-2.59719e-15,-2.61366e-15,-2.62614e-15,-2.62799e-15,-2.60939e-15,-2.56351e-15,-2.49873e-15,-2.45006e-15,-2.47029e-15,-2.58115e-15,-2.70848e-15,-2.702e-15,-2.51985e-15,-2.3927e-15,-2.5625e-15,-2.76823e-15,-2.56876e-15,-2.36481e-15,-2.68495e-15,-2.70167e-15,-2.33468e-15,-2.71917e-15,-2.60411e-15,-2.3893e-15,-2.8374e-15,-2.27784e-15,-2.87715e-15,-2.25158e-15,-2.92817e-15,-2.19939e-15,-2.88068e-15,-2.51461e-15,-2.16147e-15
1.08439e-15,-2.58729e-15,-2.59784e-15,-2.61507e-15,-2.63702e-15,-2.65514e-15,-2.65355e-15,-2.61503e-15,-2.53804e-15,-2.45808e-15,-2.44593e-15,-2.54899e-15,-2.69797e-15,-2.7129e-15,-2.52608e-15,-2.3918e-15,-2.57496e-15,-2.76875e-15,-2.53578e-15,-2.3792e-15,-2.72743e-15,-2.64261e-15,-2.34501e-15,-2.77753e-15,-2.50675e-15,-2.48348e-15,-2.77304e-15,-2.31018e-15,-2.87173e-15,-2.25712e-15,-2.88864e-15,-2.2796e-15,-2.72832e-15,-2.72882e-15
1.0911e-15,-2.56391e-15,-2.5587e-15,-2.56293e-15,-2.58042e-15,-2.61197e-15,-2.65019e-15,-2.67503e-15,-2.65771e-15,-2.58198e-15,-2.47796e-15,-2.43243e-15,-2.52214e-15,-2.68743e-15,-2.71985e-15,-2.52766e-15,-2.39178e-15,-2.59184e-15,-2.76581e-15,-2.50046e-15,-2.40371e-15,-2.76153e-15,-2.57599e-15,-2.37967e-15,-2.81016e-15,-2.41982e-15,-2.5933e-15,-2.67498e-15,-2.39139e-15,-2.79015e-15,-2.32863e-15,-2.80538e-15,-2.42371e-15,-2.52698e-15
1.09953e-15,-2.55061e-15,-2.53608e-15,-2.52439e-15,-2.52039e-15,-2.53171e-15,-2.56514e-15,-2.61867e-15,-2.6718e-15,-2.68481e-15,-2.62267e-15,-2.5037e-15,-2.42713e-15,-2.50098e-15,-2.6785e-15,-2.72387e-15,-2.52484e-15,-2.39308e-15,-2.61254e-15,-2.75798e-15,-2.4648e-15,-2.43865e-15,-2.78321e-15,-2.50776e-15,-2.43698e-15,-2.81346e-15,-2.35813e-15,-2.69331e-15,-2.54557e-15,-2.51142e-15,-2.69044e-15,-2.44387e-15,-2.6548e-15,-2.60561e-15
1.10149e-15,-2.55924e-15,-2.55041e-15,-2.53601e-15,-2.51704e-15,-2.49926e-15,-2.49426e-15,-2.51664e-15,-2.57375e-15,-2.64948e-15,-2.69566e-15,-2.65599e-15,-2.53074e-15,-2.42719e-15,-2.4851e-15,-2.67212e-15,-2.72556e-15,-2.51796e-15,-2.39638e-15,-2.63622e-15,-2.74402e-15,-2.43131e-15,-2.48347e-15,-2.79003e-15,-2.44678e-15,-2.51141e-15,-2.77598e-15,-2.31753e-15,-2.7828e-15,-2.4465e-15,-2.62518e-15,-2.55617e-15,-2.59566e-15,-2.49119e-15
1.09567e-15,-2.57968e-15,-2.58476e-15,-2.58228e-15,-2.56905e-15,-2.54368e-15,-2.51021e-15,-2.48203e-15,-2.48142e-15,-2.52822e-15,-2.61621e-15,-2.69315e-15,-2.68075e-15,-2.55614e-15,-2.43018e-15,-2.4738e-15,-2.66875e-15,-2.7252e-15,-2.50747e-15,-2.40251e-15,-2.66187e-15,-2.72339e-15,-2.40405e-15,-2.53809e-15,-2.77803e-15,-2.38751e-15,-2.58426e-15,-2.72797e-15,-2.33519e-15,-2.81202e-15,-2.36862e-15,-2.73703e-15,-2.42648e-15,-2.73176e-15
1.08829e-15,-2.59134e-15,-2.60427e-15,-2.61512e-15,-2.62028e-15,-2.61378e-15,-2.58949e-15,-2.54632e-15,-2.49577e-15,-2.46583e-15,-2.49065e-15,-2.5794e-15,-2.68139e-15,-2.6976e-15,-2.57827e-15,-2.43423e-15,-2.46638e-15,-2.66849e-15,-2.72279e-15,-2.49405e-15,-2.41286e-15,-2.68953e-15,-2.6973e-15,-2.38202e-15,-2.58485e-15,-2.7426e-15,-2.37078e-15,-2.6652e-15,-2.63227e-15,-2.3945e-15,-2.80712e-15,-2.32676e-15,-2.80934e-15,-2.3393e-15
1.08653e-15,-2.58372e-15,-2.59123e-15,-2.60343e-15,-2.61988e-15,-2.63663e-15,-2.64516e-15,-2.63356e-15,-2.59274e-15,-2.52794e-15,-2.4692e-15,-2.46492e-15,-2.54431e-15,-2.66439e-15,-2.70802e-15,-2.59648e-15,-2.43804e-15,-2.46231e-15,-2.67142e-15,-2.71881e-15,-2.48006e-15,-2.42916e-15,-2.71105e-15,-2.65113e-15,-2.37194e-15,-2.65796e-15,-2.68986e-15,-2.35217e-15,-2.74422e-15,-2.53332e-15,-2.47675e-15,-2.75984e-15,-2.33791e-15,-2.82587e-15
1.09164e-15,-2.56565e-15,-2.56078e-15,-2.56205e-15,-2.57216e-15,-2.5927e-15,-2.62157e-15,-2.64982e-15,-2.66072e-15,-2.63543e-15,-2.56851e-15,-2.48694e-15,-2.4513e-15,-2.51392e-15,-2.64538e-15,-2.71375e-15,-2.61071e-15,-2.44105e-15,-2.46212e-15,-2.67901e-15,-2.71275e-15,-2.45745e-15,-2.43846e-15,-2.73744e-15,-2.62435e-15,-2.36424e-15,-2.70555e-15,-2.63925e-15,-2.3604e-15,-2.7938e-15,-2.44412e-15,-2.57453e-15,-2.67804e-15,-2.39235e-15
1.09818e-15,-2.55533e-15,-2.54373e-15,-2.53369e-15,-2.52796e-15,-2.53122e-15,-2.54882e-15,-2.58323e-15,-2.62844e-15,-2.66542e-15,-2.66552e-15,-2.60881e-15,-2.51333e-15,-2.44795e-15,-2.48939e-15,-2.62673e-15,-2.71677e-15,-2.62229e-15,-2.4445e-15,-2.46393e-15,-2.67961e-15,-2.69384e-15,-2.44921e-15,-2.47472e-15,-2.73943e-15,-2.58035e-15,-2.38788e-15,-2.73918e-15,-2.5756e-15,-2.40063e-15,-2.80842e-15,-2.37912e-15,-2.66436e-15,-2.59002e-15
1.09976e-15,-2.56212e-15,-2.55564e-15,-2.54518e-15,-2.53085e-15,-2.51538e-15,-2.50511e-15,-2.5096e-15,-2.53786e-15,-2.59045e-15,-2.65e-15,-2.67983e-15,-2.64316e-15,-2.54329e-15,-2.45231e-15,-2.47121e-15,-2.61126e-15,-2.71979e-15,-2.62794e-15,-2.43535e-15,-2.46253e-15,-2.70219e-15,-2.68602e-15,-2.41714e-15,-2.51251e-15,-2.74986e-15,-2.52717e-15,-2.42311e-15,-2.76499e-15,-2.50362e-15,-2.47018e-15,-2.77998e-15,-2.35754e-15,-2.72317e-15
1.09523e-15,-2.57823e-15,-2.58288e-15,-2.58245e-15,-2.57467e-15,-2.55792e-15,-2.53318e-15,-2.50639e-15,-2.49002e-15,-2.50031e-15,-2.54756e-15,-2.62092e-15,-2.67942e-15,-2.66906e-15,-2.5737e-15,-2.46317e-15,-2.45939e-15,-2.59402e-15,-2.71037e-15,-2.62964e-15,-2.44833e-15,-2.46949e-15,-2.69915e-15,-2.67965e-15,-2.3993e-15,-2.54541e-15,-2.75159e-15,-2.48133e-15,-2.46302e-15,-2.78141e-15,-2.42902e-15,-2.56345e-15,-2.71346e-15,-2.36963e-15
1.08939e-15,-2.58746e-15,-2.59794e-15,-2.60722e-15,-2.61319e-15,-2.61212e-15,-2.59943e-15,-2.57215e-15,-2.53297e-15,-2.49453e-15,-2.47928e-15,-2.50943e-15,-2.58579e-15,-2.66851e-15,-2.68771e-15,-2.60194e-15,-2.47018e-15,-2.44042e-15,-2.58506e-15,-2.72549e-15,-2.62407e-15,-2.43522e-15,-2.4921e-15,-2.70249e-15,-2.65963e-15,-2.38875e-15,-2.58482e-15,-2.73629e-15,-2.44868e-15,-2.50535e-15,-2.78254e-15,-2.37051e-15,-2.64715e-15,-2.65358e-15
1.08795e-15,-2.58136e-15,-2.58702e-15,-2.59608e-15,-2.60864e-15,-2.62278e-15,-2.63375e-15,-2.63391e-15,-2.61503e-15,-2.57372e-15,-2.51909e-15,-2.47723e-15,-2.48287e-15,-2.55218e-15,-2.64947e-15,-2.69006e-15,-2.61683e-15,-2.48941e-15,-2.44707e-15,-2.5656e-15,-2.72177e-15,-2.63324e-15,-2.42093e-15,-2.50977e-15,-2.71053e-15,-2.63564e-15,-2.38007e-15,-2.63064e-15,-2.70643e-15,-2.42486e-15,-2.56146e-15,-2.74309e-15,-2.36728e-15,-2.68318e-15
1.09201e-15,-2.56687e-15,-2.56246e-15,-2.5623e-15,-2.56833e-15,-2.58206e-15,-2.60325e-15,-2.62791e-15,-2.64685e-15,-2.64671e-15,-2.61608e-15,-2.55661e-15,-2.49266e-15,-2.46652e-15,-2.51265e-15,-2.62024e-15,-2.7031e-15,-2.64503e-15,-2.48711e-15,-2.44494e-15,-2.56827e-15,-2.71265e-15,-2.63478e-15,-2.41232e-15,-2.52754e-15,-2.71671e-15,-2.60905e-15,-2.37917e-15,-2.67021e-15,-2.67927e-15,-2.39058e-15,-2.64852e-15,-2.65778e-15,-2.39569e-15
1.09727e-15,-2.55856e-15,-2.54904e-15,-2.54044e-15,-2.53444e-15,-2.53403e-15,-2.54308e-15,-2.56471e-15,-2.59824e-15,-2.63577e-15,-2.66045e-15,-2.65052e-15,-2.59311e-15,-2.50841e-15,-2.45981e-15,-2.50027e-15,-2.60014e-15,-2.68632e-15,-2.66764e-15,-2.50066e-15,-2.43424e-15,-2.57273e-15,-2.70973e-15,-2.62854e-15,-2.40702e-15,-2.54551e-15,-2.72483e-15,-2.57049e-15,-2.4019e-15,-2.68469e-15,-2.66596e-15,-2.35882e-15,-2.71612e-15,-2.60945e-15
1.09858e-15,-2.56408e-15,-2.55909e-15,-2.55117e-15,-2.5401e-15,-2.52723e-15,-2.51623e-15,-2.51332e-15,-2.52597e-15,-2.55878e-15,-2.60627e-15,-2.64838e-15,-2.66017e-15,-2.6289e-15,-2.55283e-15,-2.46363e-15,-2.46844e-15,-2.58857e-15,-2.67931e-15,-2.67465e-15,-2.51483e-15,-2.42864e-15,-2.57406e-15,-2.71268e-15,-2.61392e-15,-2.40994e-15,-2.55547e-15,-2.74372e-15,-2.51378e-15,-2.44552e-15,-2.69603e-15,-2.61653e-15,-2.39988e-15,-2.71207e-15
1.09492e-15,-2.5772e-15,-2.58138e-15,-2.58196e-15,-2.5773e-15,-2.56604e-15,-2.54821e-15,-2.52667e-15,-2.50795e-15,-2.50079e-15,-2.51451e-15,-2.55887e-15,-2.62955e-15,-2.67705e-15,-2.64858e-15,-2.57528e-15,-2.48887e-15,-2.44889e-15,-2.56756e-15,-2.67636e-15,-2.68046e-15,-2.52136e-15,-2.43026e-15,-2.57091e-15,-2.72398e-15,-2.58653e-15,-2.42569e-15,-2.55878e-15,-2.75794e-15,-2.47414e-15,-2.45839e-15,-2.75268e-15,-2.52203e-15,-2.44918e-15
1.09015e-15,-2.58474e-15,-2.59345e-15,-2.60144e-15,-2.60748e-15,-2.60933e-15,-2.60391e-15,-2.58761e-15,-2.55763e-15,-2.51834e-15,-2.49044e-15,-2.49729e-15,-2.53161e-15,-2.58542e-15,-2.66411e-15,-2.6779e-15,-2.59461e-15,-2.50893e-15,-2.44168e-15,-2.54854e-15,-2.66928e-15,-2.68991e-15,-2.51862e-15,-2.43988e-15,-2.56275e-15,-2.7408e-15,-2.5561e-15,-2.4334e-15,-2.59065e-15,-2.72372e-15,-2.48163e-15,-2.4591e-15,-2.76591e-15,-2.50881e-15
1.08895e-15,-2.57973e-15,-2.5842e-15,-2.59136e-15,-2.60172e-15,-2.6144e-15,-2.62558e-15,-2.62787e-15,-2.61592e-15,-2.5943e-15,-2.56426e-15,-2.5137e-15,-2.47491e-15,-2.50421e-15,-2.55907e-15,-2.63442e-15,-2.69284e-15,-2.61724e-15,-2.52764e-15,-2.43706e-15,-2.53677e-15,-2.65736e-15,-2.70258e-15,-2.5099e-15,-2.44994e-15,-2.56423e-15,-2.73829e-15,-2.55476e-15,-2.40547e-15,-2.65352e-15,-2.68555e-15,-2.44316e-15,-2.5451e-15,-2.71842e-15
1.09225e-15,-2.56784e-15,-2.56413e-15,-2.5639e-15,-2.56852e-15,-2.57778e-15,-2.58974e-15,-2.60554e-15,-2.62996e-15,-2.64892e-15,-2.63033e-15,-2.59021e-15,-2.55212e-15,-2.48693e-15,-2.4766e-15,-2.53492e-15,-2.60526e-15,-2.69532e-15,-2.6362e-15,-2.54809e-15,-2.43267e-15,-2.52982e-15,-2.64708e-15,-2.70817e-15,-2.51197e-15,-2.43813e-15,-2.59816e-15,-2.70496e-15,-2.56368e-15,-2.40456e-15,-2.65517e-15,-2.70982e-15,-2.39044e-15,-2.57175e-15
1.0965e-15,-2.56132e-15,-2.55409e-15,-2.54757e-15,-2.54098e-15,-2.53453e-15,-2.53595e-15,-2.55667e-15,-2.58625e-15,-2.6048e-15,-2.63441e-15,-2.66019e-15,-2.6235e-15,-2.58242e-15,-2.51573e-15,-2.46491e-15,-2.51147e-15,-2.57731e-15,-2.69066e-15,-2.65083e-15,-2.56604e-15,-2.43457e-15,-2.51611e-15,-2.65409e-15,-2.69023e-15,-2.53606e-15,-2.41103e-15,-2.62784e-15,-2.70842e-15,-2.50806e-15,-2.4604e-15,-2.66167e-15,-2.6492e-15,-2.43509e-15
1.09714e-15,-2.56692e-15,-2.56363e-15,-2.55579e-15,-2.54231e-15,-2.5307e-15,-2.52919e-15,-2.52515e-15,-2.51539e-15,-2.54004e-15,-2.58133e-15,-2.60529e-15,-2.65747e-15,-2.65204e-15,-2.61194e-15,-2.5477e-15,-2.4686e-15,-2.49168e-15,-2.5531e-15,-2.67762e-15,-2.66829e-15,-2.57104e-15,-2.45302e-15,-2.4868e-15,-2.67719e-15,-2.66972e-15,-2.536e-15,-2.43297e-15,-2.60185e-15,-2.73974e-15,-2.48336e-15,-2.43551e-15,-2.73404e-15,-2.61237e-15
1.09303e-15,-2.57844e-15,-2.57971e-15,-2.57612e-15,-2.57461e-15,-2.57617e-15,-2.56056e-15,-2.5309e-15,-2.52416e-15,-2.51259e-15,-2.5006e-15,-2.54539e-15,-2.57326e-15,-2.63575e-15,-2.6629e-15,-2.63961e-15,-2.57737e-15,-2.48562e-15,-2.47307e-15,-2.53926e-15,-2.65154e-15,-2.69456e-15,-2.56305e-15,-2.475e-15,-2.47194e-15,-2.66855e-15,-2.69756e-15,-2.48967e-15,-2.46293e-15,-2.62854e-15,-2.68365e-15,-2.5038e-15,-2.46926e-15,-2.69194e-15
1.08898e-15,-2.58119e-15,-2.58444e-15,-2.59506e-15,-2.60937e-15,-2.60561e-15,-2.59445e-15,-2.59856e-15,-2.57242e-15,-2.53733e-15,-2.52739e-15,-2.48827e-15,-2.51388e-15,-2.53787e-15,-2.60684e-15,-2.65458e-15,-2.66369e-15,-2.59931e-15,-2.51548e-15,-2.45281e-15,-2.5357e-15,-2.62207e-15,-2.71037e-15,-2.57571e-15,-2.45823e-15,-2.50287e-15,-2.63499e-15,-2.7077e-15,-2.50612e-15,-2.42e-15,-2.67375e-15,-2.69683e-15,-2.42621e-15,-2.51292e-15
1.09237e-15,-2.57281e-15,-2.58233e-15,-2.59471e-15,-2.59288e-15,-2.59906e-15,-2.62366e-15,-2.618e-15,-2.61779e-15,-2.61755e-15,-2.57004e-15,-2.55546e-15,-2.49726e-15,-2.5e-15,-2.50357e-15,-2.57839e-15,-2.62984e-15,-2.68317e-15,-2.61318e-15,-2.54905e-15,-2.44356e-15,-2.51929e-15,-2.62149e-15,-2.68687e-15,-2.61841e-15,-2.43459e-15,-2.49966e-15,-2.67223e-15,-2.65835e-15,-2.51184e-15,-2.46471e-15,-2.63586e-15,-2.68431e-15,-2.46747e-15
1.0977e-15,-2.57091e-15,-2.57122e-15,-2.55836e-15,-2.56261e-15,-2.58124e-15,-2.57673e-15,-2.60129e-15,-2.62286e-15,-2.62156e-15,-2.64566e-15,-2.60472e-15,-2.59315e-15,-2.51965e-15,-2.50625e-15,-2.47629e-15,-2.55323e-15,-2.59827e-15,-2.68873e-15,-2.63399e-15,-2.56192e-15,-2.46764e-15,-2.47606e-15,-2.63847e-15,-2.67527e-15,-2.60956e-15,-2.47605e-15,-2.46161e-15,-2.6766e-15,-2.69798e-15,-2.45479e-15,-2.46534e-15,-2.71134e-15,-2.63716e-15
1.09169e-15,-2.56718e-15,-2.54866e-15,-2.54967e-15,-2.55129e-15,-2.53189e-15,-2.54838e-15,-2.5514e-15,-2.56165e-15,-2.60133e-15,-2.60624e-15,-2.65219e-15,-2.62707e-15,-2.63086e-15,-2.55005e-15,-2.52565e-15,-2.46557e-15,-2.52379e-15,-2.5793e-15,-2.66476e-15,-2.67417e-15,-2.55509e-15,-2.49419e-15,-2.46552e-15,-2.60117e-15,-2.71764e-15,-2.58654e-15,-2.46224e-15,-2.51277e-15,-2.64544e-15,-2.66839e-15,-2.50293e-15,-2.46371e-15,-2.66826e-15
1.09483e-15,-2.55875e-15,-2.56699e-15,-2.56259e-15,-2.54195e-15,-2.55116e-15,-2.52853e-15,-2.52516e-15,-2.53015e-15,-2.52465e-15,-2.56625e-15,-2.57546e-15,-2.6372e-15,-2.63384e-15,-2.65547e-15,-2.58886e-15,-2.54301e-15,-2.48281e-15,-2.48257e-15,-2.57685e-15,-2.63026e-15,-2.69326e-15,-2.58706e-15,-2.46825e-15,-2.49542e-15,-2.57752e-15,-2.69157e-15,-2.63869e-15,-2.43773e-15,-2.48247e-15,-2.70689e-15,-2.65729e-15,-2.43178e-15,-2.51094e-15
1.10171e-15,-2.58247e-15,-2.57975e-15,-2.57311e-15,-2.58889e-15,-2.56492e-15,-2.56772e-15,-2.54893e-15,-2.52889e-15,-2.52492e-15,-2.5046e-15,-2.53171e-15,-2.54227e-15,-2.60201e-15,-2.63175e-15,-2.65503e-15,-2.63645e-15,-2.55211e-15,-2.51565e-15,-2.45744e-15,-2.5487e-15,-2.63746e-15,-2.66248e-15,-2.63395e-15,-2.47637e-15,-2.45353e-15,-2.61565e-15,-2.68198e-15,-2.59687e-15,-2.48505e-15,-2.49801e-15,-2.65231e-15,-2.66687e-15,-2.4795e-15
1.083e-15,-2.57772e-15,-2.58366e-15,-2.60276e-15,-2.5883e-15,-2.61039e-15,-2.59559e-15,-2.59676e-15,-2.58129e-15,-2.5576e-15,-2.53785e-15,-2.51063e-15,-2.50533e-15,-2.52174e-15,-2.55176e-15,-2.6252e-15,-2.63581e-15,-2.67066e-15,-2.58031e-15,-2.52045e-15,-2.48223e-15,-2.49309e-15,-2.63888e-15,-2.67769e-15,-2.60667e-15,-2.52255e-15,-2.45374e-15,-2.56151e-15,-2.72208e-15,-2.6183e-15,-2.42296e-15,-2.51425e-15,-2.71985e-15,-2.62341e-15
1.09675e-15,-2.57793e-15,-2.58668e-15,-2.57505e-15,-2.60239e-15,-2.58995e-15,-2.61573e-15,-2.61002e-15,-2.62224e-15,-2.60857e-15,-2.59959e-15,-2.56065e-15,-2.54245e-15,-2.49253e-15,-2.51618e-15,-2.50775e-15,-2.59765e-15,-2.63066e-15,-2.65913e-15,-2.63882e-15,-2.51574e-15,-2.48965e-15,-2.5006e-15,-2.57833e-15,-2.70381e-15,-2.63657e-15,-2.4795e-15,-2.47929e-15,-2.59062e-15,-2.66653e-15,-2.61355e-15,-2.48223e-15,-2.50171e-15,-2.66534e-15
1.08843e-15,-2.57101e-15,-2.55838e-15,-2.57484e-15,-2.5541e-15,-2.58141e-15,-2.56892e-15,-2.60122e-15,-2.59749e-15,-2.63127e-15,-2.61704e-15,-2.63813e-15,-2.58635e-15,-2.58294e-15,-2.50763e-15,-2.50648e-15,-2.50061e-15,-2.53838e-15,-2.63745e-15,-2.64287e-15,-2.65291e-15,-2.57289e-15,-2.45651e-15,-2.50129e-15,-2.591e-15,-2.65173e-15,-2.66198e-15,-2.52797e-15,-2.42747e-15,-2.57489e-15,-2.72882e-15,-2.59781e-15,-2.41639e-15,-2.53691e-15
1.09801e-15,-2.56049e-15,-2.56592e-15,-2.54178e-15,-2.55944e-15,-2.5318e-15,-2.55707e-15,-2.53642e-15,-2.57453e-15,-2.56434e-15,-2.61777e-15,-2.60781e-15,-2.65137e-15,-2.61952e-15,-2.60413e-15,-2.55952e-15,-2.49051e-15,-2.51024e-15,-2.50449e-15,-2.5916e-15,-2.67284e-15,-2.6357e-15,-2.59619e-15,-2.5048e-15,-2.44764e-15,-2.5777e-15,-2.69577e-15,-2.62845e-15,-2.50907e-15,-2.48549e-15,-2.57316e-15,-2.66601e-15,-2.60898e-15,-2.47829e-15
1.09546e-15,-2.57115e-15,-2.55697e-15,-2.57066e-15,-2.5429e-15,-2.56019e-15,-2.52539e-15,-2.54621e-15,-2.5139e-15,-2.54622e-15,-2.53227e-15,-2.57885e-15,-2.59636e-15,-2.62506e-15,-2.65614e-15,-2.61035e-15,-2.60534e-15,-2.51963e-15,-2.48201e-15,-2.5196e-15,-2.54199e-15,-2.64587e-15,-2.68788e-15,-2.58169e-15,-2.50587e-15,-2.49259e-15,-2.5332e-15,-2.65717e-15,-2.68952e-15,-2.5223e-15,-2.42149e-15,-2.58322e-15,-2.73211e-15,-2.58706e-15
1.09544e-15,-2.57224e-15,-2.5848e-15,-2.5712e-15,-2.58911e-15,-2.56378e-15,-2.57901e-15,-2.54448e-15,-2.55211e-15,-2.521e-15,-2.52176e-15,-2.52356e-15,-2.52455e-15,-2.58367e-15,-2.58653e-15,-2.65307e-15,-2.64515e-15,-2.60364e-15,-2.57996e-15,-2.4829e-15,-2.48136e-15,-2.56004e-15,-2.60362e-15,-2.6679e-15,-2.65117e-15,-2.50039e-15,-2.44671e-15,-2.57007e-15,-2.67188e-15,-2.63273e-15,-2.52528e-15,-2.48619e-15,-2.57775e-15,-2.66457e-15
1.08943e-15,-2.58134e-15,-2.58177e-15,-2.59637e-15,-2.58922e-15,-2.60528e-15,-2.59348e-15,-2.59931e-15,-2.58539e-15,-2.56548e-15,-2.55964e-15,-2.51204e-15,-2.53118e-15,-2.49612e-15,-2.54071e-15,-2.57948e-15,-2.60166e-15,-2.67148e-15,-2.631e-15,-2.57654e-15,-2.54152e-15,-2.4648e-15,-2.50419e-15,-2.63142e-15,-2.66077e-15,-2.61822e-15,-2.55435e-15,-2.47381e-15,-2.50216e-15,-2.65904e-15,-2.70011e-15,-2.52506e-15,-2.4188e-15,-2.58152e-15
1.0947e-15,-2.57867e-15,-2.57915e-15,-2.58271e-15,-2.58863e-15,-2.59629e-15,-2.59962e-15,-2.61644e-15,-2.60342e-15,-2.62724e-15,-2.58452e-15,-2.59884e-15,-2.54331e-15,-2.52503e-15,-2.51892e-15,-2.48846e-15,-2.55812e-15,-2.58978e-15,-2.62376e-15,-2.6779e-15,-2.6061e-15,-2.52347e-15,-2.50824e-15,-2.49354e-15,-2.55946e-15,-2.68668e-15,-2.66764e-15,-2.51442e-15,-2.45598e-15,-2.55602e-15,-2.66105e-15,-2.63621e-15,-2.5202e-15,-2.48737e-15
1.08585e-15,-2.56354e-15,-2.57193e-15,-2.55909e-15,-2.57296e-15,-2.55953e-15,-2.58796e-15,-2.57099e-15,-2.6153e-15,-2.59577e-15,-2.63405e-15,-2.62009e-15,-2.60578e-15,-2.60559e-15,-2.53203e-15,-2.52942e-15,-2.50489e-15,-2.49286e-15,-2.5815e-15,-2.61922e-15,-2.63645e-15,-2.66007e-15,-2.5673e-15,-2.46444e-15,-2.50023e-15,-2.58417e-15,-2.63337e-15,-2.65075e-15,-2.58528e-15,-2.46958e-15,-2.48517e-15,-2.64873e-15,-2.70396e-15,-2.53803e-15
1.10555e-15,-2.57509e-15,-2.54912e-15,-2.5667e-15,-2.53679e-15,-2.56234e-15,-2.53002e-15,-2.56468e-15,-2.54493e-15,-2.57632e-15,-2.59347e-15,-2.59646e-15,-2.64615e-15,-2.61447e-15,-2.62345e-15,-2.59788e-15,-2.51949e-15,-2.52104e-15,-2.5027e-15,-2.50781e-15,-2.61375e-15,-2.66005e-15,-2.62619e-15,-2.59885e-15,-2.52655e-15,-2.45438e-15,-2.53186e-15,-2.67914e-15,-2.67804e-15,-2.53423e-15,-2.45588e-15,-2.54461e-15,-2.6685e-15,-2.64178e-15
1.08365e-15,-2.55478e-15,-2.57962e-15,-2.54744e-15,-2.57244e-15,-2.53678e-15,-2.5555e-15,-2.53091e-15,-2.53093e-15,-2.54345e-15,-2.52286e-15,-2.57627e-15,-2.57032e-15,-2.60721e-15,-2.64916e-15,-2.61512e-15,-2.62632e-15,-2.58513e-15,-2.49857e-15,-2.50573e-15,-2.52272e-15,-2.54193e-15,-2.64153e-15,-2.68748e-15,-2.59266e-15,-2.50049e-15,-2.49926e-15,-2.54361e-15,-2.6113e-15,-2.66245e-15,-2.60558e-15,-2.48167e-15,-2.48017e-15,-2.62865e-15
1.1073e-15,-2.58828e-15,-2.56467e-15,-2.59128e-15,-2.56915e-15,-2.58138e-15,-2.57082e-15,-2.55268e-15,-2.56447e-15,-2.51799e-15,-2.54177e-15,-2.5171e-15,-2.51922e-15,-2.56925e-15,-2.56153e-15,-2.61753e-15,-2.65643e-15,-2.61472e-15,-2.61039e-15,-2.56825e-15,-2.4768e-15,-2.49089e-15,-2.56844e-15,-2.6054e-15,-2.64269e-15,-2.65318e-15,-2.55178e-15,-2.44477e-15,-2.50362e-15,-2.6608e-15,-2.69356e-15,-2.55482e-15,-2.44351e-15,-2.52677e-15
1.08163e-15,-2.5701e-15,-2.59088e-15,-2.58527e-15,-2.5915e-15,-2.60364e-15,-2.58396e-15,-2.61246e-15,-2.57208e-15,-2.58639e-15,-2.56232e-15,-2.52548e-15,-2.5441e-15,-2.50151e-15,-2.51737e-15,-2.56803e-15,-2.56655e-15,-2.62532e-15,-2.66867e-15,-2.61014e-15,-2.57008e-15,-2.54369e-15,-2.47841e-15,-2.49433e-15,-2.61751e-15,-2.68054e-15,-2.61963e-15,-2.53651e-15,-2.50249e-15,-2.52365e-15,-2.59553e-15,-2.65532e-15,-2.60924e-15,-2.50128e-15
1.09442e-15,-2.57702e-15,-2.58159e-15,-2.57386e-15,-2.59863e-15,-2.5759e-15,-2.61488e-15,-2.59325e-15,-2.61237e-15,-2.62029e-15,-2.58643e-15,-2.60984e-15,-2.5629e-15,-2.53199e-15,-2.54235e-15,-2.49442e-15,-2.51245e-15,-2.57846e-15,-2.58729e-15,-2.62749e-15,-2.67242e-15,-2.60335e-15,-2.51231e-15,-2.50434e-15,-2.52288e-15,-2.55322e-15,-2.63535e-15,-2.68229e-15,-2.58814e-15,-2.4536e-15,-2.47247e-15,-2.63351e-15,-2.71246e-15,-2.58705e-15
1.09832e-15,-2.5785e-15,-2.55477e-15,-2.58066e-15,-2.55021e-15,-2.58092e-15,-2.56806e-15,-2.57662e-15,-2.60752e-15,-2.58453e-15,-2.62912e-15,-2.62103e-15,-2.60004e-15,-2.62331e-15,-2.56553e-15,-2.52764e-15,-2.53788e-15,-2.49635e-15,-2.5073e-15,-2.59623e-15,-2.62787e-15,-2.62488e-15,-2.64051e-15,-2.58775e-15,-2.47817e-15,-2.46765e-15,-2.57834e-15,-2.66424e-15,-2.64081e-15,-2.55951e-15,-2.50341e-15,-2.52032e-15,-2.59806e-15,-2.64599e-15
1.08227e-15,-2.55128e-15,-2.57602e-15,-2.54431e-15,-2.55956e-15,-2.55134e-15,-2.53663e-15,-2.56803e-15,-2.53705e-15,-2.57373e-15,-2.58806e-15,-2.57831e-15,-2.63485e-15,-2.62432e-15,-2.60632e-15,-2.62809e-15,-2.56948e-15,-2.51102e-15,-2.52531e-15,-2.51419e-15,-2.51554e-15,-2.60744e-15,-2.67415e-15,-2.63061e-15,-2.56506e-15,-2.53238e-15,-2.50426e-15,-2.51396e-15,-2.60594e-15,-2.6876e-15,-2.62827e-15,-2.48166e-15,-2.44844e-15,-2.59032e-15
1.11052e-15,-2.58069e-15,-2.55901e-15,-2.56375e-15,-2.56789e-15,-2.53805e-15,-2.56665e-15,-2.52769e-15,-2.53785e-15,-2.54848e-15,-2.51777e-15,-2.56448e-15,-2.57381e-15,-2.57222e-15,-2.63531e-15,-2.63587e-15,-2.60491e-15,-2.61904e-15,-2.57447e-15,-2.49198e-15,-2.49837e-15,-2.54513e-15,-2.56288e-15,-2.61054e-15,-2.67367e-15,-2.63493e-15,-2.50907e-15,-2.45428e-15,-2.53628e-15,-2.6479e-15,-2.66296e-15,-2.57521e-15,-2.48914e-15,-2.51024e-15
1.08619e-15,-2.57295e-15,-2.57131e-15,-2.59192e-15,-2.56093e-15,-2.59272e-15,-2.56433e-15,-2.55866e-15,-2.57255e-15,-2.52383e-15,-2.54108e-15,-2.5375e-15,-2.50534e-15,-2.55203e-15,-2.57249e-15,-2.56795e-15,-2.63186e-15,-2.65523e-15,-2.60401e-15,-2.5871e-15,-2.56846e-15,-2.49399e-15,-2.47415e-15,-2.56242e-15,-2.64275e-15,-2.64083e-15,-2.6037e-15,-2.56313e-15,-2.51246e-15,-2.49708e-15,-2.57014e-15,-2.66623e-15,-2.65171e-15,-2.52612e-15
1.08768e-15,-2.56772e-15,-2.59809e-15,-2.57081e-15,-2.6017e-15,-2.59382e-15,-2.58305e-15,-2.61446e-15,-2.57379e-15,-2.58216e-15,-2.58371e-15,-2.52984e-15,-2.54072e-15,-2.53772e-15,-2.49622e-15,-2.53719e-15,-2.58239e-15,-2.57734e-15,-2.62079e-15,-2.66782e-15,-2.61613e-15,-2.54117e-15,-2.52565e-15,-2.5192e-15,-2.50984e-15,-2.56847e-15,-2.66791e-15,-2.67522e-15,-2.55874e-15,-2.45456e-15,-2.49005e-15,-2.62281e-15,-2.69224e-15,-2.60917e-15
1.10578e-15,-2.59133e-15,-2.56558e-15,-2.58435e-15,-2.59173e-15,-2.57184e-15,-2.61481e-15,-2.59006e-15,-2.6005e-15,-2.62756e-15,-2.58775e-15,-2.59651e-15,-2.60034e-15,-2.53725e-15,-2.53337e-15,-2.54112e-15,-2.49852e-15,-2.5177e-15,-2.59293e-15,-2.613e-15,-2.61279e-15,-2.64474e-15,-2.62439e-15,-2.52383e-15,-2.46529e-15,-2.5178e-15,-2.60307e-15,-2.63803e-15,-2.62283e-15,-2.58096e-15,-2.52776e-15,-2.50597e-15,-2.55689e-15,-2.63457e-15
1.07841e-15,-2.56239e-15,-2.5649e-15,-2.57951e-15,-2.54643e-15,-2.58489e-15,-2.56721e-15,-2.56716e-15,-2.6077e-15,-2.58498e-15,-2.60145e-15,-2.63816e-15,-2.59975e-15,-2.6008e-15,-2.61341e-15,-2.55093e-15,-2.51429e-15,-2.53529e-15,-2.51956e-15,-2.51022e-15,-2.58617e-15,-2.65687e-15,-2.63847e-15,-2.59271e-15,-2.56941e-15,-2.53165e-15,-2.48771e-15,-2.51873e-15,-2.62873e-15,-2.69373e-15,-2.61954e-15,-2.48208e-15,-2.44826e-15,-2.56878e-15
1.09778e-15,-2.55904e-15,-2.57838e-15,-2.54022e-15,-2.56613e-15,-2.5541e-15,-2.53401e-15,-2.56949e-15,-2.54733e-15,-2.54903e-15,-2.59709e-15,-2.57776e-15,-2.59283e-15,-2.64227e-15,-2.61873e-15,-2.59407e-15,-2.61268e-15,-2.57111e-15,-2.49873e-15,-2.50507e-15,-2.54339e-15,-2.54922e-15,-2.57897e-15,-2.65253e-15,-2.66947e-15,-2.58057e-15,-2.48384e-15,-2.48356e-15,-2.56286e-15,-2.63395e-15,-2.64016e-15,-2.58584e-15,-2.52056e-15,-2.51101e-15
1.10776e-15,-2.58496e-15,-2.55363e-15,-2.56814e-15,-2.57116e-15,-2.53717e-15,-2.56727e-15,-2.54475e-15,-2.52276e-15,-2.55921e-15,-2.53369e-15,-2.52909e-15,-2.58164e-15,-2.58119e-15,-2.57876e-15,-2.63706e-15,-2.64477e-15,-2.5942e-15,-2.58453e-15,-2.57743e-15,-2.5132e-15,-2.47402e-15,-2.53225e-15,-2.61215e-15,-2.63237e-15,-2.61852e-15,-2.60419e-15,-2.56495e-15,-2.50221e-15,-2.48967e-15,-2.57224e-15,-2.67177e-15,-2.66374e-15,-2.54287e-15
1.07763e-15,-2.56573e-15,-2.57274e-15,-2.59449e-15,-2.55755e-15,-2.58926e-15,-2.57843e-15,-2.54746e-15,-2.57683e-15,-2.55068e-15,-2.51862e-15,-2.54939e-15,-2.5356e-15,-2.50984e-15,-2.56088e-15,-2.59372e-15,-2.58056e-15,-2.61578e-15,-2.65956e-15,-2.6199e-15,-2.55021e-15,-2.53476e-15,-2.53246e-15,-2.50779e-15,-2.52456e-15,-2.61314e-15,-2.6835e-15,-2.64284e-15,-2.52852e-15,-2.46325e-15,-2.51185e-15,-2.61937e-15,-2.67348e-15,-2.61472e-15
1.09702e-15,-2.56944e-15,-2.59984e-15,-2.56707e-15,-2.59568e-15,-2.60227e-15,-2.57394e-15,-2.60558e-15,-2.59906e-15,-2.56105e-15,-2.58681e-15,-2.57072e-15,-2.51938e-15,-2.53506e-15,-2.54482e-15,-2.50803e-15,-2.53052e-15,-2.59885e-15,-2.6142e-15,-2.60368e-15,-2.63289e-15,-2.63655e-15,-2.56038e-15,-2.48265e-15,-2.49238e-15,-2.5614e-15,-2.6111e-15,-2.62328e-15,-2.61656e-15,-2.58671e-15,-2.53268e-15,-2.50091e-15,-2.5417e-15,-2.62406e-15
1.10377e-15,-2.59219e-15,-2.56541e-15,-2.57762e-15,-2.59865e-15,-2.56816e-15,-2.59792e-15,-2.61237e-15,-2.57935e-15,-2.61441e-15,-2.6207e-15,-2.57752e-15,-2.58663e-15,-2.59381e-15,-2.53371e-15,-2.51168e-15,-2.54054e-15,-2.53253e-15,-2.5166e-15,-2.57558e-15,-2.64608e-15,-2.64289e-15,-2.59935e-15,-2.57979e-15,-2.561e-15,-2.51132e-15,-2.48653e-15,-2.5483e-15,-2.65294e-15,-2.68587e-15,-2.59978e-15,-2.48008e-15,-2.45662e-15,-2.56116e-15
1.0761e-15,-2.56434e-15,-2.55818e-15,-2.58738e-15,-2.54856e-15,-2.56832e-15,-2.58898e-15,-2.55525e-15,-2.58664e-15,-2.6117e-15,-2.58432e-15,-2.60383e-15,-2.63971e-15,-2.60056e-15,-2.57847e-15,-2.59665e-15,-2.56497e-15,-2.50035e-15,-2.5059e-15,-2.54826e-15,-2.55696e-15,-2.56451e-15,-2.62316e-15,-2.6702e-15,-2.62669e-15,-2.52985e-15,-2.47948e-15,-2.5138e-15,-2.58345e-15,-2.62834e-15,-2.62683e-15,-2.58584e-15,-2.53343e-15,-2.51624e-15
1.09749e-15,-2.55453e-15,-2.58368e-15,-2.54624e-15,-2.55211e-15,-2.57231e-15,-2.53597e-15,-2.54696e-15,-2.57558e-15,-2.54544e-15,-2.55742e-15,-2.60736e-15,-2.59149e-15,-2.58869e-15,-2.63509e-15,-2.63649e-15,-2.58164e-15,-2.56949e-15,-2.57426e-15,-2.52963e-15,-2.48149e-15,-2.51571e-15,-2.59318e-15,-2.62881e-15,-2.61883e-15,-2.60793e-15,-2.59571e-15,-2.5491e-15,-2.4931e-15,-2.49933e-15,-2.58621e-15,-2.67346e-15,-2.66082e-15,-2.54994e-15
1.11068e-15,-2.58497e-15,-2.56314e-15,-2.55355e-15,-2.58242e-15,-2.5485e-15,-2.5418e-15,-2.5721e-15,-2.53287e-15,-2.52496e-15,-2.56293e-15,-2.54479e-15,-2.53108e-15,-2.58212e-15,-2.61091e-15,-2.58846e-15,-2.60931e-15,-2.64817e-15,-2.62004e-15,-2.55022e-15,-2.52894e-15,-2.5388e-15,-2.52528e-15,-2.51461e-15,-2.56615e-15,-2.65188e-15,-2.67478e-15,-2.60247e-15,-2.50382e-15,-2.47266e-15,-2.53285e-15,-2.6243e-15,-2.66368e-15,-2.6126e-15
1.0791e-15,-2.57598e-15,-2.55796e-15,-2.59928e-15,-2.57159e-15,-2.56162e-15,-2.59662e-15,-2.56348e-15,-2.54464e-15,-2.57237e-15,-2.55123e-15,-2.51143e-15,-2.5396e-15,-2.55591e-15,-2.5253e-15,-2.54449e-15,-2.60806e-15,-2.62493e-15,-2.60155e-15,-2.61378e-15,-2.63086e-15,-2.58421e-15,-2.50365e-15,-2.48145e-15,-2.53376e-15,-2.59327e-15,-2.61743e-15,-2.61625e-15,-2.60711e-15,-2.57793e-15,-2.52942e-15,-2.50501e-15,-2.54349e-15,-2.618e-15
1.0879e-15,-2.55963e-15,-2.59761e-15,-2.58323e-15,-2.57082e-15,-2.60753e-15,-2.59431e-15,-2.57148e-15,-2.60524e-15,-2.59779e-15,-2.55154e-15,-2.56924e-15,-2.57453e-15,-2.52446e-15,-2.50777e-15,-2.54615e-15,-2.5517e-15,-2.5328e-15,-2.57057e-15,-2.63893e-15,-2.6497e-15,-2.60415e-15,-2.57244e-15,-2.56635e-15,-2.54047e-15,-2.50057e-15,-2.50646e-15,-2.58529e-15,-2.66873e-15,-2.66931e-15,-2.57672e-15,-2.47537e-15,-2.46579e-15,-2.56213e-15
1.11021e-15,-2.58449e-15,-2.58559e-15,-2.55757e-15,-2.59511e-15,-2.59467e-15,-2.56553e-15,-2.60703e-15,-2.61461e-15,-2.57983e-15,-2.60273e-15,-2.62386e-15,-2.58341e-15,-2.55461e-15,-2.57763e-15,-2.55862e-15,-2.50467e-15,-2.50325e-15,-2.55371e-15,-2.57509e-15,-2.57035e-15,-2.59941e-15,-2.65194e-15,-2.64824e-15,-2.5724e-15,-2.49492e-15,-2.48879e-15,-2.54334e-15,-2.60471e-15,-2.63056e-15,-2.61587e-15,-2.57525e-15,-2.53215e-15,-2.52192e-15
1.08506e-15,-2.58311e-15,-2.54545e-15,-2.5788e-15,-2.57811e-15,-2.5452e-15,-2.57737e-15,-2.59148e-15,-2.56265e-15,-2.58116e-15,-2.62246e-15,-2.60111e-15,-2.58616e-15,-2.62597e-15,-2.62334e-15,-2.57023e-15,-2.54583e-15,-2.563e-15,-2.54192e-15,-2.49773e-15,-2.50671e-15,-2.57838e-15,-2.63091e-15,-2.62808e-15,-2.60325e-15,-2.59315e-15,-2.57492e-15,-2.53212e-15,-2.4954e-15,-2.52007e-15,-2.60327e-15,-2.6705e-15,-2.64972e-15,-2.55006e-15
1.08086e-15,-2.5509e-15,-2.56724e-15,-2.57631e-15,-2.53999e-15,-2.55341e-15,-2.57484e-15,-2.53738e-15,-2.54108e-15,-2.58409e-15,-2.56417e-15,-2.55257e-15,-2.59998e-15,-2.62523e-15,-2.59843e-15,-2.59575e-15,-2.63148e-15,-2.61486e-15,-2.55077e-15,-2.51434e-15,-2.53286e-15,-2.54259e-15,-2.53117e-15,-2.54478e-15,-2.61105e-15,-2.66719e-15,-2.64896e-15,-2.56145e-15,-2.48487e-15,-2.48329e-15,-2.5544e-15,-2.63684e-15,-2.66109e-15,-2.60644e-15
1.11157e-15,-2.56487e-15,-2.59052e-15,-2.5481e-15,-2.55734e-15,-2.58448e-15,-2.54206e-15,-2.5366e-15,-2.5686e-15,-2.54583e-15,-2.51818e-15,-2.54876e-15,-2.57643e-15,-2.55011e-15,-2.55777e-15,-2.61544e-15,-2.63627e-15,-2.60654e-15,-2.59162e-15,-2.61091e-15,-2.59258e-15,-2.52761e-15,-2.4807e-15,-2.51012e-15,-2.57644e-15,-2.62047e-15,-2.62096e-15,-2.60611e-15,-2.58789e-15,-2.56064e-15,-2.52747e-15,-2.51806e-15,-2.55664e-15,-2.61549e-15
1.09927e-15,-2.59366e-15,-2.56246e-15,-2.56919e-15,-2.59813e-15,-2.57062e-15,-2.5573e-15,-2.5879e-15,-2.57502e-15,-2.53216e-15,-2.55056e-15,-2.56736e-15,-2.52437e-15,-2.51174e-15,-2.55226e-15,-2.57659e-15,-2.55777e-15,-2.57051e-15,-2.62869e-15,-2.65351e-15,-2.61454e-15,-2.56274e-15,-2.55068e-15,-2.54937e-15,-2.5294e-15,-2.50932e-15,-2.54073e-15,-2.61647e-15,-2.67219e-15,-2.64655e-15,-2.55272e-15,-2.47111e-15,-2.47522e-15,-2.56843e-15
1.07306e-15,-2.5729e-15,-2.56268e-15,-2.60358e-15,-2.58724e-15,-2.56522e-15,-2.60737e-15,-2.60481e-15,-2.565e-15,-2.58603e-15,-2.60387e-15,-2.56428e-15,-2.53371e-15,-2.55459e-15,-2.5599e-15,-2.51469e-15,-2.50677e-15,-2.55494e-15,-2.59632e-15,-2.59146e-15,-2.58989e-15,-2.6241e-15,-2.64512e-15,-2.60386e-15,-2.52325e-15,-2.48023e-15,-2.50814e-15,-2.57647e-15,-2.62786e-15,-2.63389e-15,-2.60187e-15,-2.55473e-15,-2.52274e-15,-2.5276e-15
